1	1	13	1441	1
1	2	13	45	1
1	3	13	386	1
1	4	13	4	1
1	1	4	597	1
1	3	4	147	1
1	2	4	30	1
1	4	4	4	1
1	1	104	3	1
1	1	45	141	1
1	2	45	8	1
1	3	45	47	1
1	1	3	248	1
1	3	3	14	1
1	2	3	6	1
1	1	69	47	1
1	3	69	25	1
1	2	69	2	1
1	1	2	421	1
1	2	2	1	1
1	3	2	5	1
1	1	44	110	1
1	3	44	52	1
1	2	44	4	1
1	1	17	434	1
1	3	17	22	1
1	2	17	2	1
1	1	16	388	1
1	2	16	14	1
1	3	16	83	1
1	4	16	2	1
1	1	40	423	1
1	2	40	14	1
1	3	40	163	1
1	1	33	61	1
1	1	21	82	1
1	3	21	9	1
1	1	19	338	1
1	3	19	2	1
1	1	95	19	1
1	3	95	7	1
1	1	26	944	0
1	3	26	94	0
1	2	26	10	0
1	1	29	153	0
1	3	29	33	0
1	2	29	3	0
1	1	59	122	0
1	3	59	16	0
1	2	59	4	0
1	1	24	168	0
1	3	24	25	0
1	4	24	1	0
1	1	36	49	1
1	3	36	28	1
1	2	36	2	1
1	1	70	37	1
1	2	70	1	1
1	3	70	9	1
1	1	39	128	0
1	3	39	25	0
1	2	39	2	0
1	1	56	124	1
1	2	56	2	1
1	3	56	7	1
1	1	18	288	1
1	3	18	73	1
1	2	18	10	1
1	4	18	1	1
1	1	62	162	0
1	3	62	6	0
1	2	62	4	0
1	1	75	21	0
1	1	31	28	1
1	3	31	4	1
1	1	41	236	1
1	3	41	64	1
1	2	41	4	1
1	1	98	13	1
1	1	91	25	1
1	1	53	17	0
1	1	60	91	1
1	3	60	8	1
1	2	60	1	1
1	1	92	13	1
1	1	35	225	1
1	3	35	1	1
1	1	28	259	1
1	3	28	17	1
1	2	28	2	1
1	1	85	15	1
1	3	85	20	1
1	2	85	4	1
1	1	5	50	0
1	3	5	2	0
1	1	32	190	1
1	3	32	20	1
1	2	32	1	1
1	1	64	47	1
1	2	64	2	1
1	3	64	14	1
1	1	38	72	0
1	3	38	15	0
1	2	38	7	0
1	1	12	44	0
1	2	12	3	0
1	3	12	39	0
1	1	10	768	0
1	3	10	4	0
1	4	10	2	0
1	2	10	2	0
1	1	6	323	0
1	3	6	12	0
1	1	22	122	1
1	4	22	1	1
1	2	22	1	1
1	1	58	36	1
1	4	58	1	1
1	2	58	1	1
1	3	58	7	1
1	1	9	367	0
1	2	9	2	0
1	1	23	36	1
1	1	14	81	0
1	1	50	8	0
1	2	50	5	0
1	3	50	32	0
1	1	51	58	0
1	3	51	2	0
1	1	7	19	0
1	3	7	7	0
1	4	7	1	0
1	2	7	2	0
1	1	30	36	0
1	1	11	86	1
1	3	11	6	1
1	1	88	18	0
1	3	37	11	0
1	1	37	19	0
1	2	37	1	0
1	1	34	103	0
1	3	34	2	0
1	1	65	78	0
1	3	65	11	0
1	2	65	2	0
1	1	8	70	0
1	3	8	6	0
1	1	78	21	1
1	1	46	65	0
1	3	46	19	0
1	2	46	4	0
1	1	99	6	0
1	1	66	24	0
1	1	20	23	0
1	2	20	1	0
1	1	47	13	1
1	1	25	39	0
1	2	25	2	0
1	3	25	3	0
1	1	63	101	0
1	3	63	12	0
1	2	63	1	0
1	1	57	28	0
1	1	27	53	1
1	3	27	1	1
1	1	15	104	0
1	3	15	6	0
1	1	102	2	1
1	1	83	33	0
1	3	83	5	0
1	1	71	11	0
1	1	43	14	0
1	3	43	1	0
1	1	84	31	0
1	3	84	1	0
1	1	72	14	0
1	3	72	1	0
1	1	86	29	0
1	3	86	1	0
1	1	76	13	0
1	3	76	1	0
1	1	80	18	1
1	1	77	11	0
1	1	101	2	0
1	1	73	5	0
1	1	82	6	0
1	1	93	1	0
1	1	79	1	0
1	3	48	24	0
1	1	48	28	0
1	2	48	3	0
1	1	94	6	0
1	1	67	4	0
1	3	55	1	0
1	1	55	8	0
1	3	54	1	0
1	1	68	5	0
1	1	81	1	0
1	3	103	4	1
1	1	103	2	1
1	1	61	5	0
1	2	61	1	0
1	3	61	2	0
1	1	87	1	0
1	1	42	1	0
1	1	52	2	1
2	1	19	51	1
2	1	3	47	1
2	1	9	74	0
2	1	10	94	0
2	1	18	53	1
2	3	18	1	1
2	1	28	29	1
2	1	6	43	0
2	4	13	3	1
2	1	13	107	1
2	3	13	10	1
2	2	13	1	1
2	4	44	1	1
2	1	44	10	1
2	3	44	2	1
2	1	4	49	1
2	3	4	7	1
2	1	104	2	1
2	1	45	11	1
2	3	45	3	1
2	1	69	5	1
2	3	69	1	1
2	1	17	49	1
2	1	16	28	1
2	3	16	3	1
2	1	40	26	1
2	3	40	7	1
2	2	40	1	1
2	1	33	6	1
2	1	21	13	1
2	1	95	3	1
2	1	26	74	0
2	3	26	5	0
2	2	26	1	0
2	1	29	14	0
2	1	59	9	0
2	3	59	2	0
2	1	24	16	0
2	3	24	6	0
2	1	36	4	1
2	1	70	4	1
2	3	70	1	1
2	1	39	9	0
2	3	39	1	0
2	1	56	16	1
2	1	62	11	0
2	1	75	2	0
2	1	31	3	1
2	3	31	1	1
2	1	41	18	1
2	3	41	3	1
2	2	41	1	1
2	1	22	10	1
2	1	83	3	0
2	1	34	10	0
2	1	63	6	0
2	3	63	2	0
2	1	71	1	0
2	1	8	20	0
2	1	43	2	0
2	1	84	3	0
2	1	58	7	1
2	1	32	15	1
2	2	32	1	1
2	3	32	1	1
2	1	51	6	0
2	1	91	1	1
2	1	65	5	0
2	1	72	1	0
2	1	57	1	0
2	1	11	6	1
2	1	86	2	0
2	1	64	3	1
2	1	37	12	0
2	1	14	6	0
2	1	35	9	1
2	2	35	1	1
2	3	35	3	1
2	1	25	3	0
2	3	25	1	0
2	1	76	1	0
2	1	80	1	1
2	1	30	1	0
2	1	77	1	0
2	1	46	11	0
2	3	85	1	1
2	1	20	11	0
2	1	66	19	0
2	1	15	27	0
2	1	48	13	0
2	1	12	10	0
2	1	73	2	0
2	1	55	14	0
2	1	38	25	0
2	2	38	1	0
2	1	88	1	0
2	1	60	3	1
2	1	74	6	0
2	1	49	4	0
2	1	54	4	0
2	1	50	5	0
2	1	61	3	0
2	1	7	10	0
2	1	94	1	0
2	1	101	1	0
2	1	82	1	0
2	1	97	1	0
2	2	89	3	0
2	1	5	5	0
2	1	27	5	1
2	1	23	2	1
2	1	99	2	0
2	1	78	2	1
3	1	18	37	1
3	3	18	5	1
3	1	8	10	0
3	1	15	18	0
3	1	46	13	0
3	2	46	3	0
3	3	46	4	0
3	1	24	25	0
3	1	21	6	1
3	1	6	37	0
3	3	6	4	0
3	2	6	1	0
3	1	10	60	0
3	1	41	29	1
3	3	41	5	1
3	1	56	35	1
3	3	56	8	1
3	1	13	171	1
3	3	13	31	1
3	2	13	4	1
3	4	13	10	1
3	1	4	62	1
3	2	4	5	1
3	3	4	17	1
3	1	104	1	1
3	1	45	13	1
3	4	45	1	1
3	1	69	8	1
3	1	44	16	1
3	3	44	1	1
3	1	17	60	1
3	1	16	44	1
3	3	16	1	1
3	1	40	42	1
3	3	40	6	1
3	1	33	8	1
3	1	19	42	1
3	1	95	2	1
3	3	95	1	1
3	1	26	105	0
3	3	26	6	0
3	1	29	18	0
3	3	29	8	0
3	1	59	21	0
3	1	36	7	1
3	1	70	6	1
3	1	39	15	0
3	1	62	17	0
3	1	75	1	0
3	1	31	2	1
3	4	31	2	1
3	1	58	3	1
3	1	9	49	0
3	1	51	11	0
3	1	30	5	0
3	1	38	9	0
3	3	38	2	0
3	1	5	10	0
3	1	32	25	1
3	3	32	13	1
3	1	34	10	0
3	3	34	2	0
3	1	35	14	1
3	1	65	16	0
3	1	12	6	0
3	3	12	2	0
3	1	78	4	1
3	1	28	25	1
3	4	28	1	1
3	1	60	13	1
3	3	60	2	1
3	1	14	14	0
3	1	22	7	1
3	1	20	1	0
3	1	66	6	0
3	1	48	8	0
3	1	73	1	0
3	1	55	2	0
3	4	64	3	1
3	1	64	10	1
3	3	64	5	1
3	1	27	6	1
3	1	83	3	0
3	3	83	6	0
3	1	63	9	0
3	3	63	2	0
3	1	71	1	0
3	1	43	2	0
3	2	43	1	0
3	1	84	1	0
3	1	91	3	1
3	1	72	1	0
3	3	72	1	0
3	1	57	3	0
3	3	57	2	0
3	1	11	11	1
3	1	86	3	0
3	1	37	3	0
3	3	37	7	0
3	1	25	3	0
3	1	76	1	0
3	1	80	2	1
3	1	77	1	0
3	1	23	1	1
3	1	7	3	0
3	1	98	2	1
3	1	53	2	0
3	1	92	2	1
3	1	85	2	1
3	1	67	2	0
3	1	47	1	1
4	4	104	1	1
4	2	104	5	1
4	1	104	4	1
4	3	104	12	1
4	4	13	13	1
4	1	13	1437	1
4	2	13	89	1
4	3	13	564	1
4	1	45	105	1
4	3	45	17	1
4	2	45	3	1
4	1	69	44	1
4	3	69	12	1
4	1	44	90	1
4	3	44	94	1
4	2	44	13	1
4	1	17	231	1
4	2	17	1	1
4	3	17	6	1
4	1	16	324	1
4	3	16	91	1
4	2	16	10	1
4	1	40	376	1
4	3	40	226	1
4	2	40	21	1
4	1	33	47	1
4	3	33	1	1
4	1	21	64	1
4	3	21	7	1
4	1	19	33	1
4	2	19	1	1
4	3	19	3	1
4	1	95	13	1
4	3	95	36	1
4	2	95	6	1
4	1	26	996	0
4	2	26	16	0
4	3	26	123	0
4	4	26	1	0
4	1	29	208	0
4	3	29	27	0
4	2	29	5	0
4	1	59	126	0
4	3	59	14	0
4	1	24	169	0
4	3	24	35	0
4	2	24	2	0
4	1	36	62	1
4	3	36	13	1
4	2	36	1	1
4	1	70	35	1
4	3	70	11	1
4	2	70	1	1
4	1	39	118	0
4	3	39	21	0
4	2	39	2	0
4	1	56	52	1
4	4	56	1	1
4	1	18	87	1
4	3	18	17	1
4	2	18	2	1
4	1	62	126	0
4	3	62	13	0
4	2	62	3	0
4	1	75	5	0
4	2	75	1	0
4	3	75	1	0
4	1	31	18	1
4	3	31	8	1
4	2	31	1	1
4	1	41	172	1
4	3	41	111	1
4	2	41	10	1
4	3	85	31	1
4	4	85	2	1
4	2	85	8	1
4	1	85	9	1
4	1	38	29	0
4	2	38	1	0
4	3	38	10	0
4	1	86	40	0
4	3	86	4	0
4	1	63	127	0
4	3	63	18	0
4	2	63	1	0
4	1	51	37	0
4	1	28	185	1
4	3	28	10	1
4	1	60	54	1
4	3	60	9	1
4	2	60	2	1
4	1	46	34	0
4	3	46	6	0
4	2	46	1	0
4	1	64	35	1
4	3	64	3	1
4	1	35	133	1
4	1	32	208	1
4	3	32	19	1
4	2	32	2	1
4	1	80	22	1
4	4	80	1	1
4	1	6	109	0
4	3	6	3	0
4	1	83	54	0
4	3	83	2	0
4	1	34	88	0
4	2	34	1	0
4	3	34	2	0
4	1	71	18	0
4	1	8	25	0
4	3	8	5	0
4	1	43	19	0
4	1	84	18	0
4	3	84	1	0
4	1	58	40	1
4	3	58	6	1
4	1	91	26	1
4	1	65	80	0
4	3	65	15	0
4	1	72	18	0
4	1	57	22	0
4	2	57	2	0
4	3	57	3	0
4	1	11	80	1
4	3	11	11	1
4	1	37	20	0
4	3	37	2	0
4	1	14	40	0
4	1	25	67	0
4	3	25	4	0
4	1	76	21	0
4	1	30	32	0
4	1	77	18	0
4	4	103	1	1
4	3	103	7	1
4	1	103	2	1
4	2	103	2	1
4	2	10	2	0
4	3	10	10	0
4	1	10	39	0
4	1	9	9	0
4	1	27	3	1
4	1	22	1	1
4	1	47	18	1
4	1	78	15	1
4	1	88	18	0
4	3	20	2	0
4	3	81	2	0
4	1	98	8	1
4	1	53	8	0
4	1	92	7	1
4	4	92	1	1
4	1	5	19	0
4	3	5	1	0
4	1	12	11	0
4	3	12	10	0
4	1	55	1	0
4	1	7	1	0
4	3	7	1	0
4	3	48	5	0
4	1	48	3	0
4	2	48	1	0
4	3	50	10	0
4	2	50	2	0
4	3	15	1	0
4	1	67	1	0
5	4	26	4	1
5	1	26	41	1
5	2	26	28	1
5	3	26	130	1
5	1	13	66	0
5	3	13	4	0
5	2	13	1	0
5	1	32	14	0
5	1	45	7	0
5	1	17	48	0
5	3	17	1	0
5	1	34	6	0
5	1	35	8	0
5	1	41	8	0
5	1	40	13	0
5	1	65	4	1
5	3	65	2	1
5	2	65	1	1
5	1	24	9	1
5	1	29	6	1
5	2	29	1	1
5	3	29	12	1
5	1	18	8	0
5	1	6	20	1
5	3	6	4	1
5	1	10	17	0
5	1	21	3	0
5	1	33	5	0
5	1	8	6	0
5	3	8	1	0
5	1	51	3	0
5	1	12	4	0
5	1	16	21	0
5	3	16	1	0
5	1	78	6	0
5	1	28	11	0
5	1	60	9	0
5	1	46	9	0
5	1	69	4	0
5	1	59	6	1
5	3	76	7	1
5	3	62	8	1
5	2	62	2	1
5	1	62	6	1
5	2	39	3	1
5	3	39	19	1
5	1	39	2	1
5	3	75	2	1
5	3	30	1	1
5	1	30	1	1
5	3	84	1	1
5	1	19	7	0
5	3	58	1	0
5	3	53	1	1
5	1	53	1	1
5	1	47	1	0
5	1	98	1	0
5	1	91	1	0
5	1	44	4	0
5	1	92	1	0
5	1	70	2	0
5	1	85	1	0
5	1	36	1	0
5	1	64	1	0
5	1	38	1	0
5	1	14	1	0
6	2	56	1	0
6	1	56	21	0
6	3	56	7	0
6	1	10	113	0
6	3	10	1	0
6	1	18	45	0
6	3	18	1	0
6	4	18	1	0
6	1	19	24	0
6	1	11	28	0
6	3	11	6	0
6	1	27	3	0
6	3	27	1	0
6	1	17	115	0
6	3	17	5	0
6	2	26	19	1
6	3	26	125	1
6	4	26	6	1
6	1	26	200	1
6	2	25	2	1
6	3	25	5	1
6	1	25	12	1
6	3	24	23	1
6	1	24	50	1
6	2	24	5	1
6	4	24	1	1
6	3	39	19	1
6	1	39	16	1
6	2	39	3	1
6	3	65	15	1
6	1	65	26	1
6	2	65	1	1
6	3	29	18	1
6	2	29	1	1
6	1	29	53	1
6	1	13	319	0
6	3	13	46	0
6	2	13	6	0
6	1	40	57	0
6	3	40	9	0
6	2	40	1	0
6	1	41	37	0
6	3	41	5	0
6	1	16	37	0
6	3	16	2	0
6	1	62	9	1
6	3	62	6	1
6	2	62	1	1
6	1	45	17	0
6	3	45	1	0
6	1	21	8	0
6	3	21	5	0
6	2	21	1	0
6	1	38	11	0
6	2	38	1	0
6	3	38	1	0
6	1	95	1	0
6	1	44	7	0
6	1	28	57	0
6	3	28	5	0
6	2	28	1	0
6	1	35	44	0
6	3	35	1	0
6	1	88	2	0
6	1	60	15	0
6	3	60	2	0
6	1	59	36	1
6	3	59	32	1
6	2	59	3	1
6	1	33	6	0
6	3	33	1	0
6	1	32	60	0
6	3	32	14	0
6	1	31	2	0
6	2	57	1	1
6	1	57	5	1
6	4	57	1	1
6	3	57	1	1
6	3	53	2	1
6	1	43	8	0
6	1	46	34	0
6	3	46	15	0
6	2	46	3	0
6	1	51	19	0
6	3	51	2	0
6	1	14	12	0
6	1	48	7	0
6	3	48	3	0
6	1	69	15	0
6	3	69	3	0
6	1	37	12	0
6	3	37	13	0
6	2	37	2	0
6	3	83	3	0
6	1	83	12	0
6	2	83	1	0
6	3	64	4	0
6	1	64	8	0
6	2	64	1	0
6	3	12	1	0
6	1	12	7	0
6	3	34	2	0
6	1	34	27	0
6	3	63	15	1
6	1	63	29	1
6	4	63	1	1
6	2	63	2	1
6	1	9	33	0
6	1	99	2	0
6	1	75	3	1
6	1	66	2	0
6	1	20	3	0
6	3	20	5	0
6	1	79	2	0
6	3	58	3	0
6	1	58	8	0
6	3	8	2	0
6	1	8	17	0
6	1	67	1	1
6	1	36	9	0
6	3	36	1	0
6	1	30	5	1
6	1	78	10	0
6	1	71	4	0
6	1	84	6	1
6	3	84	3	1
6	2	84	1	1
6	1	91	4	0
6	1	72	4	0
6	3	72	3	0
6	1	86	9	1
6	3	86	6	1
6	2	86	1	1
6	1	76	4	1
6	1	80	5	0
6	1	77	4	0
6	1	22	2	0
6	1	23	2	0
6	1	47	1	0
6	3	70	1	0
6	3	81	1	1
6	1	52	1	0
6	3	55	1	0
6	3	54	1	0
7	1	17	7	0
7	1	74	25	1
7	2	74	1	1
7	3	74	8	1
7	1	20	35	1
7	2	20	1	1
7	3	20	5	1
7	4	55	3	1
7	1	55	20	1
7	2	55	3	1
7	3	55	4	1
7	1	10	16	0
7	2	10	6	0
7	3	10	10	0
7	1	38	93	1
7	3	38	10	1
7	2	38	6	1
7	4	38	4	1
7	1	54	9	1
7	3	66	14	1
7	2	66	7	1
7	1	66	26	1
7	3	26	1	0
7	1	26	4	0
7	3	50	4	1
7	1	50	26	1
7	3	83	2	1
7	1	83	1	1
7	3	29	6	0
7	1	29	1	0
7	1	19	12	0
7	1	13	7	0
7	3	13	2	0
7	1	56	4	0
7	1	15	6	0
7	2	12	1	1
7	1	12	26	1
7	3	12	3	1
7	1	68	14	1
7	4	68	2	1
7	2	68	2	1
7	3	68	2	1
7	1	8	15	1
7	3	8	1	1
7	1	65	5	0
7	1	59	5	0
7	1	37	38	1
7	1	34	7	0
7	2	34	1	0
7	3	34	1	0
7	1	61	14	0
7	1	51	16	1
7	1	48	28	1
7	3	48	1	1
7	1	46	12	1
7	3	46	2	1
7	1	94	7	1
7	1	49	7	1
7	1	32	3	0
7	1	28	3	0
7	1	9	6	1
7	1	90	3	0
7	1	57	1	0
7	1	88	1	1
7	1	39	1	0
7	1	14	2	0
7	1	22	1	0
7	1	18	1	0
7	1	21	1	0
7	3	63	1	0
7	3	36	3	0
7	3	24	1	0
8	1	18	14	0
8	1	9	14	1
8	1	10	36	0
8	3	10	3	0
8	1	41	10	0
8	2	41	2	0
8	3	41	6	0
8	1	21	5	0
8	1	17	33	0
8	3	17	1	0
8	4	38	2	1
8	1	38	58	1
8	2	38	3	1
8	3	38	4	1
8	1	74	13	1
8	1	20	29	1
8	2	20	1	1
8	3	20	1	1
8	1	26	53	0
8	2	26	1	0
8	3	26	1	0
8	1	65	11	0
8	1	59	13	0
8	1	37	24	1
8	3	37	2	1
8	1	34	13	0
8	1	61	9	0
8	1	51	13	1
8	1	48	27	1
8	2	48	1	1
8	3	48	2	1
8	1	50	22	1
8	3	50	3	1
8	1	46	21	1
8	3	46	4	1
8	2	46	1	1
8	1	94	4	1
8	1	12	25	1
8	3	12	4	1
8	3	15	2	0
8	1	15	25	0
8	1	83	6	1
8	1	13	78	0
8	3	13	6	0
8	2	13	2	0
8	1	44	1	0
8	1	40	11	0
8	1	63	6	0
8	3	63	1	0
8	1	29	14	0
8	3	29	2	0
8	1	71	1	0
8	1	43	1	0
8	1	62	1	0
8	1	84	1	0
8	1	16	10	0
8	1	58	2	0
8	3	58	2	0
8	1	24	18	0
8	3	24	1	0
8	1	32	17	0
8	1	91	1	0
8	1	28	17	0
8	1	72	1	1
8	1	57	4	0
8	2	57	1	0
8	3	57	1	0
8	1	11	2	0
8	1	86	2	0
8	1	64	1	0
8	1	14	6	0
8	1	35	9	0
8	1	39	2	0
8	1	36	2	0
8	3	36	3	0
8	1	25	3	0
8	1	76	1	0
8	1	80	1	0
8	1	45	4	0
8	1	30	1	0
8	1	77	1	0
8	1	69	3	0
8	1	90	9	0
8	1	54	5	1
8	1	56	13	0
8	1	68	3	1
8	1	88	3	1
8	1	49	5	1
8	1	66	19	1
8	1	55	10	1
8	1	52	2	0
8	1	19	4	0
8	1	27	2	0
8	1	33	2	0
8	1	78	4	0
8	1	60	4	0
8	1	22	7	0
8	1	73	2	0
9	1	10	98	0
9	3	10	1	0
9	1	48	13	1
9	3	38	27	1
9	2	38	4	1
9	1	38	27	1
9	4	38	1	1
9	1	18	46	0
9	3	18	6	0
9	2	18	1	0
9	1	23	3	0
9	1	19	43	0
9	1	36	2	0
9	1	22	25	0
9	1	28	11	0
9	1	13	19	0
9	3	13	1	0
9	2	13	1	0
9	1	41	4	0
9	1	21	2	0
9	1	17	23	0
9	1	53	1	0
9	1	64	9	0
9	1	56	48	0
9	2	56	1	0
9	1	27	12	0
9	1	30	4	0
9	1	66	9	1
9	1	74	9	1
9	1	49	2	1
9	1	12	15	1
9	1	54	2	1
9	1	20	19	1
9	1	37	11	1
9	1	55	6	1
9	1	34	7	0
9	1	50	11	1
9	1	32	1	0
9	1	15	19	0
9	1	61	4	0
9	1	46	7	1
9	1	51	10	1
9	1	94	1	1
9	1	99	1	0
9	1	75	2	0
9	1	16	1	0
9	1	83	6	1
9	1	33	1	0
9	1	82	3	0
9	1	11	1	0
9	1	39	3	0
9	1	14	12	0
9	1	52	1	0
9	1	31	1	0
9	1	24	3	0
9	1	63	1	0
9	1	35	8	0
9	1	26	4	0
9	1	57	1	0
9	1	45	1	0
9	1	58	1	0
9	1	72	1	1
10	1	17	99	0
10	2	17	1	0
10	3	17	1	0
10	1	39	9	0
10	3	39	1	0
10	1	14	54	1
10	1	50	11	0
10	1	12	21	0
10	3	12	6	0
10	1	22	124	0
10	1	19	156	0
10	2	19	2	0
10	3	19	2	0
10	1	51	15	0
10	1	18	54	0
10	1	38	20	0
10	3	38	6	0
10	1	30	2	0
10	1	26	90	0
10	3	26	4	0
10	2	26	1	0
10	1	65	23	0
10	1	29	13	0
10	3	29	1	0
10	1	15	89	1
10	2	15	1	1
10	3	15	7	1
10	1	20	19	0
10	1	48	17	0
10	1	59	29	0
10	2	59	1	0
10	3	59	3	0
10	1	23	11	0
10	1	40	22	0
10	3	40	6	0
10	1	94	11	0
10	1	28	42	0
10	3	28	1	0
10	1	13	133	0
10	2	13	4	0
10	3	13	27	0
10	1	99	9	1
10	1	27	31	0
10	1	55	8	0
10	3	55	6	0
10	1	54	2	0
10	1	41	35	0
10	3	41	14	0
10	2	41	1	0
10	1	16	23	0
10	3	16	1	0
10	1	62	4	0
10	1	45	7	0
10	3	45	1	0
10	1	21	12	0
10	1	95	1	0
10	3	95	1	0
10	1	44	5	0
10	3	44	3	0
10	1	11	26	0
10	1	35	12	0
10	1	88	2	0
10	1	60	9	0
10	1	33	5	0
10	1	32	23	0
10	3	32	1	0
10	1	31	3	0
10	3	31	1	0
10	3	66	7	0
10	1	66	9	0
10	2	66	1	0
10	1	75	1	0
10	1	56	40	0
10	2	56	1	0
10	1	34	35	1
10	4	34	1	1
10	1	57	4	0
10	2	57	1	0
10	3	57	1	0
10	1	24	38	0
10	3	24	2	0
10	1	64	6	0
10	2	64	1	0
10	3	64	1	0
10	1	67	3	0
10	1	36	4	0
10	3	36	1	0
10	4	53	1	0
10	1	53	8	0
10	2	53	2	0
10	1	72	6	0
10	2	72	1	0
10	3	72	3	0
10	1	46	35	0
10	1	90	3	1
10	1	37	30	0
10	1	68	2	0
10	1	61	3	1
10	1	74	1	0
10	1	83	1	0
10	1	49	1	0
10	2	85	2	0
10	3	85	2	0
10	3	103	1	0
10	2	103	1	0
10	1	63	1	0
10	3	63	1	0
10	1	43	8	1
10	1	73	2	1
10	1	42	2	1
10	1	78	8	0
10	1	69	6	0
10	1	80	1	0
10	1	87	1	1
10	1	82	2	1
10	1	52	2	0
10	3	52	1	0
10	1	84	6	0
10	1	58	3	0
10	1	25	1	0
11	1	14	8	0
11	1	13	183	1
11	4	13	8	1
11	2	13	25	1
11	3	13	97	1
11	1	18	19	1
11	1	19	4	1
11	4	32	4	1
11	2	32	11	1
11	3	32	31	1
11	1	32	21	1
11	1	40	41	1
11	3	40	37	1
11	4	40	1	1
11	2	40	8	1
11	1	65	23	0
11	1	34	14	0
11	3	34	1	0
11	1	48	6	0
11	1	17	50	1
11	3	17	4	1
11	1	59	21	0
11	3	59	14	0
11	1	51	8	0
11	1	26	124	0
11	3	26	34	0
11	2	26	1	0
11	1	57	5	0
11	1	41	28	1
11	3	41	20	1
11	2	41	4	1
11	1	44	7	1
11	3	44	5	1
11	2	44	1	1
11	1	24	24	0
11	3	24	9	0
11	2	24	2	0
11	1	39	16	0
11	3	39	6	0
11	1	56	25	1
11	1	64	8	1
11	3	64	1	1
11	4	64	2	1
11	1	67	3	0
11	1	36	11	1
11	1	88	6	0
11	1	29	22	0
11	3	29	5	0
11	1	60	3	1
11	3	60	2	1
11	2	60	1	1
11	1	63	16	0
11	3	63	10	0
11	2	63	2	0
11	3	46	1	0
11	1	46	11	0
11	3	69	6	1
11	2	69	1	1
11	1	69	5	1
11	1	70	3	1
11	1	21	11	1
11	3	21	16	1
11	2	21	3	1
11	1	33	4	1
11	3	33	2	1
11	1	16	32	1
11	3	16	6	1
11	2	16	1	1
11	1	47	6	1
11	1	30	5	0
11	1	62	9	0
11	1	78	3	1
11	1	28	15	1
11	3	28	16	1
11	4	28	3	1
11	2	28	6	1
11	1	25	9	0
11	2	37	2	0
11	3	37	5	0
11	1	37	8	0
11	3	20	2	0
11	3	12	1	0
11	3	74	1	0
11	1	74	2	0
11	3	72	1	0
11	1	72	10	0
11	3	38	2	0
11	1	38	6	0
11	1	49	1	0
11	1	66	1	0
11	1	50	1	0
11	1	45	7	1
11	1	95	1	1
11	3	95	1	1
11	1	35	12	1
11	1	31	3	1
11	3	31	1	1
11	1	43	5	0
11	3	103	1	1
11	3	85	5	1
11	1	83	6	0
11	1	71	2	0
11	1	84	2	0
11	1	58	4	1
11	3	58	2	1
11	1	91	2	1
11	1	86	4	0
11	3	86	2	0
11	1	76	2	0
11	1	80	2	1
11	1	77	2	0
11	1	27	1	1
11	1	53	8	0
12	4	38	2	1
12	1	38	143	1
12	3	38	18	1
12	2	38	4	1
12	1	66	48	1
12	3	66	1	1
12	1	74	35	1
12	3	74	1	1
12	1	49	14	1
12	1	54	15	1
12	1	20	60	1
12	1	37	59	1
12	2	37	1	1
12	3	37	6	1
12	1	55	36	1
12	3	55	1	1
12	1	34	8	0
12	3	34	1	0
12	1	50	47	1
12	3	50	38	1
12	2	50	14	1
12	4	50	6	1
12	1	48	42	1
12	3	48	24	1
12	2	48	2	1
12	1	13	44	0
12	3	13	23	0
12	1	32	11	0
12	3	32	10	0
12	1	28	10	0
12	3	28	1	0
12	1	15	28	0
12	3	15	5	0
12	1	61	20	0
12	1	46	24	1
12	3	46	11	1
12	2	46	1	1
12	1	51	20	1
12	1	94	6	1
12	3	65	5	0
12	1	65	6	0
12	3	29	15	0
12	1	29	2	0
12	3	41	7	0
12	1	41	4	0
12	1	90	12	0
12	1	57	4	0
12	1	56	8	0
12	3	56	14	0
12	2	56	1	0
12	1	68	4	1
12	1	88	4	1
12	1	83	4	1
12	3	83	2	1
12	1	59	7	0
12	3	59	6	0
12	3	63	5	0
12	3	36	9	0
12	1	36	1	0
12	3	24	6	0
12	2	24	1	0
12	1	24	5	0
12	1	39	5	0
12	3	39	1	0
12	1	14	8	0
12	1	22	3	0
12	1	19	5	0
12	1	18	5	0
12	3	18	1	0
12	3	40	5	0
12	1	40	11	0
12	3	26	2	0
12	1	26	23	0
12	3	72	1	1
12	1	99	1	0
12	1	75	1	0
12	1	16	16	0
12	1	73	2	0
12	1	45	5	0
12	1	17	15	0
12	1	35	3	0
12	2	35	1	0
12	1	21	1	0
12	1	33	3	0
12	1	78	2	0
12	1	60	5	0
12	3	60	1	0
12	1	69	2	0
12	3	64	2	0
12	1	64	1	0
12	1	62	6	0
12	1	98	1	0
12	1	91	1	0
12	1	53	1	0
12	1	44	4	0
12	1	92	1	0
12	1	70	2	0
12	1	85	1	0
13	4	70	5	1
13	1	70	70	1
13	3	70	40	1
13	2	70	13	1
13	4	21	10	1
13	1	21	123	1
13	2	21	32	1
13	3	21	103	1
13	4	41	11	1
13	1	41	424	1
13	3	41	369	1
13	2	41	52	1
13	4	33	4	1
13	2	33	8	1
13	1	33	104	1
13	3	33	22	1
13	1	26	2443	0
13	3	26	275	0
13	2	26	17	0
13	1	16	712	1
13	3	16	126	1
13	2	16	13	1
13	4	16	3	1
13	1	47	26	1
13	2	47	2	1
13	3	47	3	1
13	1	32	542	1
13	3	32	359	1
13	2	32	64	1
13	4	32	21	1
13	1	56	108	1
13	4	56	9	1
13	3	56	154	1
13	2	56	34	1
13	1	30	58	0
13	1	17	608	1
13	2	17	18	1
13	3	17	76	1
13	4	17	2	1
13	1	36	142	1
13	3	36	75	1
13	4	36	6	1
13	2	36	18	1
13	1	62	298	0
13	3	62	22	0
13	2	62	3	0
13	1	78	42	1
13	2	78	3	1
13	3	78	4	1
13	4	78	1	1
13	1	88	36	0
13	1	39	280	0
13	3	39	93	0
13	2	39	9	0
13	1	18	195	1
13	3	18	18	1
13	2	18	1	1
13	4	18	1	1
13	1	34	230	0
13	3	34	42	0
13	4	34	3	0
13	2	34	8	0
13	1	40	910	1
13	3	40	634	1
13	4	40	24	1
13	2	40	94	1
13	1	28	513	1
13	4	28	15	1
13	3	28	134	1
13	2	28	40	1
13	1	25	145	0
13	3	25	5	0
13	1	24	459	0
13	3	24	78	0
13	2	24	6	0
13	1	104	11	1
13	3	104	22	1
13	4	104	1	1
13	2	104	5	1
13	1	45	254	1
13	3	45	56	1
13	2	45	7	1
13	4	45	4	1
13	1	69	110	1
13	3	69	76	1
13	2	69	11	1
13	4	69	3	1
13	1	44	210	1
13	3	44	225	1
13	2	44	41	1
13	4	44	12	1
13	1	19	66	1
13	3	19	1	1
13	1	95	32	1
13	3	95	78	1
13	4	95	3	1
13	2	95	10	1
13	1	29	534	0
13	3	29	96	0
13	2	29	7	0
13	4	29	1	0
13	1	59	350	0
13	3	59	85	0
13	2	59	8	0
13	4	59	1	0
13	1	75	14	0
13	1	31	49	1
13	3	31	34	1
13	4	31	7	1
13	2	31	8	1
13	2	58	8	1
13	3	58	42	1
13	1	58	90	1
13	4	58	3	1
13	3	85	125	1
13	2	85	25	1
13	4	85	2	1
13	1	85	24	1
13	3	46	73	0
13	1	46	125	0
13	2	46	16	0
13	1	38	142	0
13	3	38	47	0
13	2	38	7	0
13	1	35	343	1
13	3	35	12	1
13	2	35	7	1
13	4	35	3	1
13	1	60	171	1
13	3	60	34	1
13	2	60	5	1
13	4	60	3	1
13	3	103	38	1
13	4	103	1	1
13	1	103	6	1
13	2	103	7	1
13	1	83	132	0
13	3	83	33	0
13	2	83	3	0
13	1	63	343	0
13	3	63	68	0
13	2	63	4	0
13	1	71	44	0
13	1	43	47	0
13	1	84	44	0
13	3	84	3	0
13	1	51	137	0
13	3	51	3	0
13	1	91	64	1
13	1	65	231	0
13	3	65	13	0
13	2	65	1	0
13	1	72	45	0
13	3	72	8	0
13	2	72	1	0
13	1	57	53	0
13	1	86	107	0
13	3	86	10	0
13	1	64	101	1
13	3	64	53	1
13	2	64	6	1
13	4	64	9	1
13	1	37	70	0
13	3	37	81	0
13	2	37	10	0
13	1	14	98	0
13	1	76	51	0
13	1	80	63	1
13	1	77	44	0
13	1	96	3	0
13	3	20	9	0
13	1	20	19	0
13	2	27	1	1
13	3	27	3	1
13	1	27	5	1
13	4	27	1	1
13	1	48	24	0
13	3	48	9	0
13	2	48	1	0
13	1	67	8	0
13	1	66	17	0
13	3	66	5	0
13	2	66	1	0
13	1	74	13	0
13	3	74	3	0
13	1	49	6	0
13	1	54	4	0
13	1	55	12	0
13	1	50	11	0
13	3	50	6	0
13	1	15	14	0
13	1	61	7	0
13	1	94	2	0
13	1	101	1	0
13	1	82	1	0
13	1	97	1	0
13	1	98	19	1
13	1	53	19	0
13	1	92	18	1
13	4	92	1	1
13	1	22	6	1
13	1	79	1	0
13	1	68	2	0
14	1	19	49	0
14	1	24	23	0
14	1	41	14	0
14	1	34	10	1
14	1	15	21	1
14	1	46	8	0
14	1	22	8	0
14	1	27	9	0
14	1	39	6	0
14	1	50	4	0
14	1	51	5	0
14	1	18	10	0
14	1	20	2	0
14	1	99	2	1
14	1	66	6	0
14	1	48	7	0
14	1	73	1	1
14	1	55	2	0
14	1	26	70	0
14	1	17	12	0
14	1	43	3	1
14	1	56	18	0
14	1	69	3	0
14	1	37	4	0
14	1	38	1	0
14	1	83	6	0
14	1	44	2	0
14	1	40	18	0
14	1	63	12	0
14	1	29	20	0
14	1	59	8	0
14	1	71	2	1
14	1	62	2	0
14	1	84	2	0
14	1	16	8	0
14	1	58	4	0
14	1	32	16	0
14	1	91	2	0
14	1	65	8	0
14	1	28	16	0
14	1	72	2	0
14	1	57	2	0
14	1	86	4	0
14	1	64	2	0
14	1	35	10	0
14	1	36	4	0
14	1	25	6	0
14	1	76	2	0
14	1	80	2	0
14	1	45	4	0
14	1	30	2	0
14	1	77	2	1
15	4	34	3	1
15	1	34	13	1
15	2	34	1	1
15	3	34	2	1
15	2	74	2	0
15	1	74	7	0
15	1	19	18	0
15	1	24	16	0
15	1	46	33	0
15	2	46	3	0
15	3	46	10	0
15	1	22	13	0
15	1	27	13	0
15	3	27	1	0
15	1	66	81	0
15	2	66	2	0
15	1	38	32	0
15	3	38	3	0
15	1	49	2	0
15	1	54	2	0
15	1	20	42	0
15	3	20	2	0
15	2	20	1	0
15	1	37	19	0
15	3	37	2	0
15	1	55	31	0
15	1	50	5	0
15	3	50	4	0
15	2	50	1	0
15	1	48	59	0
15	3	48	4	0
15	1	32	1	0
15	1	28	1	0
15	1	61	8	1
15	2	61	1	1
15	1	51	2	0
15	3	51	2	0
15	1	94	1	0
15	1	56	24	0
15	1	73	13	1
15	3	73	1	1
15	1	99	4	1
15	1	82	2	1
15	1	101	2	1
15	1	93	1	1
15	1	79	1	1
15	3	65	1	0
15	3	29	1	0
15	1	29	1	0
15	3	41	1	0
15	1	41	1	0
15	1	18	2	0
15	1	26	1	0
16	1	31	16	1
16	3	31	1	1
16	1	58	5	1
16	4	58	2	1
16	2	58	3	1
16	3	58	5	1
16	1	44	96	1
16	2	44	3	1
16	3	44	26	1
16	1	95	16	1
16	3	95	5	1
16	1	26	479	0
16	3	26	28	0
16	2	26	4	0
16	2	40	5	1
16	3	40	64	1
16	1	40	263	1
16	2	41	5	1
16	3	41	31	1
16	1	41	99	1
16	3	38	3	0
16	1	38	21	0
16	2	38	1	0
16	3	85	7	1
16	1	85	12	1
16	2	85	1	1
16	1	17	165	1
16	3	17	3	1
16	1	62	134	0
16	2	62	1	0
16	3	62	4	0
16	1	98	12	1
16	1	91	15	1
16	1	19	35	1
16	1	53	13	0
16	1	60	50	1
16	3	60	2	1
16	1	92	12	1
16	1	33	55	1
16	3	33	2	1
16	1	35	49	1
16	1	70	44	1
16	3	70	9	1
16	2	70	1	1
16	1	28	58	1
16	3	28	2	1
16	1	39	81	0
16	3	39	13	0
16	2	39	2	0
16	1	45	95	1
16	3	45	12	1
16	1	18	39	1
16	2	18	4	1
16	3	18	17	1
16	4	18	1	1
16	1	32	74	1
16	3	32	5	1
16	1	69	25	1
16	3	69	7	1
16	2	69	1	1
16	1	36	31	1
16	3	36	1	1
16	1	64	15	1
16	1	21	58	1
16	3	21	13	1
16	2	21	2	1
16	1	88	14	0
16	1	59	34	0
16	1	47	12	1
16	1	56	32	1
16	3	56	2	1
16	1	30	9	0
16	1	78	12	1
16	1	34	24	0
16	1	25	16	0
16	3	25	1	0
16	1	24	44	0
16	3	24	6	0
16	2	24	1	0
16	1	104	7	1
16	1	29	44	0
16	1	75	8	0
16	3	75	1	0
16	3	103	2	1
16	1	99	1	0
16	1	66	1	0
16	1	20	1	0
16	1	83	9	0
16	1	63	18	0
16	3	63	3	0
16	1	71	3	0
16	1	43	3	0
16	1	84	3	0
16	1	51	6	0
16	3	51	2	0
16	1	65	15	0
16	2	65	1	0
16	1	72	3	0
16	1	57	4	0
16	1	86	6	0
16	1	37	3	0
16	2	37	1	0
16	3	37	2	0
16	1	76	3	0
16	3	76	1	0
16	1	80	3	1
16	1	77	3	0
16	1	46	12	0
16	3	46	1	0
16	2	46	1	0
16	3	48	5	0
16	1	48	1	0
16	2	48	2	0
16	3	27	1	1
16	1	27	2	1
16	3	50	1	0
17	1	19	42	1
17	2	19	2	1
17	3	19	5	1
17	1	28	81	1
17	3	28	5	1
17	1	52	2	1
17	1	40	138	1
17	3	40	18	1
17	2	40	5	1
17	1	41	92	1
17	3	41	12	1
17	2	41	2	1
17	1	62	51	0
17	3	62	1	0
17	1	26	394	0
17	3	26	26	0
17	2	26	2	0
17	1	39	45	0
17	3	39	2	0
17	1	45	52	1
17	1	21	48	1
17	2	21	1	1
17	3	21	6	1
17	1	38	10	0
17	3	38	1	0
17	1	95	9	1
17	3	95	4	1
17	2	95	2	1
17	1	44	41	1
17	2	44	1	1
17	3	44	1	1
17	1	35	72	1
17	3	35	16	1
17	2	35	2	1
17	1	88	9	0
17	1	60	37	1
17	1	59	65	0
17	3	59	15	0
17	2	59	2	0
17	1	33	36	1
17	2	33	1	1
17	3	33	2	1
17	1	32	95	1
17	3	32	34	1
17	2	32	5	1
17	1	31	9	1
17	1	47	10	1
17	1	43	4	0
17	1	56	32	1
17	3	56	4	1
17	2	56	2	1
17	1	46	46	0
17	3	46	4	0
17	1	51	21	0
17	1	48	6	0
17	1	69	24	1
17	3	69	7	1
17	2	69	2	1
17	1	37	5	0
17	3	37	2	0
17	1	18	58	1
17	2	18	1	1
17	3	18	2	1
17	1	104	4	1
17	1	29	64	0
17	3	29	3	0
17	1	24	75	0
17	3	24	12	0
17	1	36	21	1
17	3	36	3	1
17	1	70	16	1
17	3	70	1	1
17	1	75	6	0
17	1	23	3	1
17	1	65	45	0
17	3	65	4	0
17	1	34	46	0
17	3	34	2	0
17	1	57	9	0
17	1	64	14	1
17	3	64	1	1
17	1	67	4	0
17	1	78	29	1
17	4	78	1	1
17	3	78	1	1
17	1	98	2	1
17	1	91	5	1
17	1	53	2	0
17	1	92	2	1
17	1	85	2	1
17	1	30	8	0
17	1	25	14	0
17	2	25	1	0
17	3	25	1	0
17	1	83	10	0
17	1	63	20	0
17	2	63	1	0
17	3	63	9	0
17	1	71	3	0
17	1	84	3	0
17	3	84	1	0
17	1	58	9	1
17	3	58	1	1
17	1	72	3	0
17	3	72	1	0
17	1	86	6	0
17	3	86	2	0
17	1	76	3	0
17	1	80	3	1
17	1	77	3	0
17	1	55	4	0
17	1	27	4	1
17	3	27	1	1
17	4	27	1	1
17	3	20	1	0
17	1	50	1	0
18	1	50	4	0
18	1	31	3	1
18	1	41	27	1
18	3	41	3	1
18	1	83	6	0
18	3	83	2	0
18	1	44	12	1
18	3	44	5	1
18	1	40	42	1
18	3	40	4	1
18	1	34	18	0
18	4	34	1	0
18	3	34	1	0
18	1	63	15	0
18	3	63	1	0
18	1	29	25	0
18	3	29	3	0
18	1	26	127	0
18	3	26	6	0
18	2	26	1	0
18	1	59	19	0
18	1	71	2	0
18	1	43	7	0
18	1	62	14	0
18	1	84	2	0
18	1	58	6	1
18	1	24	25	0
18	1	32	28	1
18	3	32	7	1
18	1	51	10	0
18	1	91	3	1
18	1	65	15	0
18	1	28	31	1
18	1	72	2	0
18	1	57	3	0
18	1	86	5	0
18	1	64	8	1
18	3	64	3	1
18	1	37	5	0
18	3	37	3	0
18	1	35	14	1
18	2	35	1	1
18	1	39	16	0
18	1	36	9	1
18	3	36	4	1
18	2	36	1	1
18	1	25	8	0
18	1	76	2	0
18	1	80	3	1
18	1	45	11	1
18	3	45	3	1
18	1	30	4	0
18	1	77	2	0
18	1	69	7	1
18	3	69	1	1
18	1	46	11	0
18	2	46	1	0
18	3	46	2	0
18	1	22	8	1
18	1	19	33	1
18	1	38	6	0
18	1	102	1	1
18	1	23	4	1
18	1	73	1	0
18	1	20	2	0
18	1	42	1	0
18	1	21	13	1
18	3	21	1	1
18	1	33	7	1
18	1	78	4	1
18	1	60	8	1
18	3	60	1	1
18	1	56	25	1
18	3	56	4	1
18	1	27	4	1
18	3	70	3	1
18	1	70	6	1
18	1	47	4	1
18	1	88	2	0
18	1	48	2	0
18	1	67	1	0
18	1	104	1	1
18	1	95	1	1
18	3	95	1	1
18	1	75	1	0
18	1	98	1	1
18	1	53	1	0
18	1	92	1	1
18	1	85	1	1
18	1	66	1	0
18	1	68	1	0
19	1	38	4	0
19	1	34	8	0
19	1	24	18	0
19	1	46	6	0
19	1	22	16	1
19	1	27	17	1
19	1	41	25	1
19	1	26	50	0
19	1	52	6	1
19	3	52	2	1
19	2	52	1	1
19	1	56	38	1
19	1	104	1	1
19	1	45	12	1
19	1	69	4	1
19	1	44	12	1
19	1	40	24	1
19	3	40	1	1
19	1	33	6	1
19	1	21	3	1
19	1	95	1	1
19	1	29	3	0
19	1	59	2	0
19	1	36	4	1
19	1	70	6	1
19	1	39	7	0
19	1	62	15	0
19	1	75	5	0
19	1	31	1	1
19	1	48	6	0
19	1	68	4	0
19	1	28	12	1
19	1	100	1	0
19	1	65	1	0
19	1	23	2	1
19	1	63	2	0
19	1	35	18	1
19	1	57	2	0
19	1	50	2	0
19	1	51	1	0
19	1	98	2	1
19	1	91	2	1
19	1	53	2	0
19	1	60	6	1
19	1	92	2	1
19	1	85	2	1
19	1	32	4	1
19	1	64	3	1
19	1	58	4	1
19	1	37	8	0
19	1	61	1	0
20	1	99	3	0
20	1	27	3	0
20	2	38	9	1
20	3	38	18	1
20	1	38	206	1
20	2	50	5	1
20	1	50	62	1
20	3	50	12	1
20	1	66	61	1
20	3	66	1	1
20	1	74	53	1
20	3	74	1	1
20	1	49	19	1
20	2	49	1	1
20	1	54	19	1
20	3	54	10	1
20	2	54	2	1
20	1	37	91	1
20	3	37	18	1
20	2	37	8	1
20	1	55	44	1
20	2	55	5	1
20	3	55	15	1
20	1	34	22	0
20	3	34	3	0
20	1	48	63	1
20	3	48	3	1
20	1	32	7	0
20	3	32	4	0
20	1	28	8	0
20	1	61	33	0
20	1	46	39	1
20	2	46	5	1
20	3	46	4	1
20	1	51	23	1
20	3	51	5	1
20	1	94	9	1
20	1	24	1	0
20	3	24	6	0
20	1	73	2	0
20	3	73	2	0
20	4	26	1	0
20	2	26	7	0
20	3	26	57	0
20	1	26	1	0
20	4	65	1	0
20	3	65	11	0
20	1	65	6	0
20	4	59	1	0
20	3	59	24	0
20	2	59	4	0
20	1	59	6	0
20	3	63	10	0
20	3	86	6	0
20	3	60	2	0
20	3	40	3	0
20	2	72	1	1
20	3	72	2	1
20	3	81	2	0
20	3	39	1	0
20	3	35	1	0
20	3	69	1	0
20	3	36	1	0
20	3	41	1	0
20	3	64	2	0
20	3	70	1	0
20	3	29	2	0
20	3	62	3	0
20	2	62	1	0
20	3	84	2	0
20	2	84	1	0
20	1	90	15	0
20	1	57	5	0
20	1	56	22	0
20	1	68	5	1
20	1	88	5	1
20	1	83	5	1
20	1	82	2	0
20	1	44	1	0
20	1	75	1	0
20	1	43	4	0
20	1	42	1	0
21	4	70	2	1
21	1	70	7	1
21	2	70	5	1
21	3	70	6	1
21	4	41	3	1
21	1	41	21	1
21	2	41	8	1
21	3	41	26	1
21	4	33	3	1
21	2	33	5	1
21	1	33	9	1
21	3	33	6	1
21	1	26	86	0
21	3	26	38	0
21	2	26	4	0
21	1	47	6	1
21	1	32	9	1
21	3	32	10	1
21	2	32	3	1
21	1	56	12	1
21	1	30	3	0
21	1	36	7	1
21	2	36	3	1
21	3	36	10	1
21	1	62	20	0
21	3	62	3	0
21	1	78	5	1
21	1	88	5	0
21	1	39	18	0
21	3	39	15	0
21	2	39	2	0
21	1	34	5	0
21	1	40	37	1
21	2	40	2	1
21	3	40	15	1
21	1	28	8	1
21	3	28	15	1
21	2	28	3	1
21	1	25	3	0
21	1	24	11	0
21	3	24	5	0
21	3	63	10	0
21	1	63	1	0
21	2	63	1	0
21	3	58	13	1
21	2	58	1	1
21	3	44	9	1
21	1	44	15	1
21	4	44	2	1
21	2	44	4	1
21	3	85	4	1
21	1	85	1	1
21	1	104	3	1
21	1	45	13	1
21	1	69	4	1
21	2	69	2	1
21	3	69	3	1
21	1	95	5	1
21	1	29	6	0
21	1	59	7	0
21	3	59	3	0
21	1	75	3	0
21	1	31	5	1
21	1	38	2	0
21	1	35	6	1
21	4	35	1	1
21	2	35	1	1
21	3	35	1	1
21	1	60	5	1
21	2	64	2	1
21	3	64	3	1
21	1	103	1	1
21	1	76	1	0
21	1	65	1	0
21	3	65	2	0
21	1	51	1	0
21	1	46	3	0
21	3	86	1	0
21	3	84	1	0
22	1	94	7	0
22	1	28	8	1
22	1	31	3	1
22	1	51	4	0
22	1	39	1	0
22	1	50	2	0
22	1	64	1	1
22	1	56	5	1
22	1	27	4	1
22	1	34	3	0
22	1	24	3	0
22	1	46	3	0
22	1	69	1	1
22	1	91	1	1
22	1	26	1	0
22	1	29	1	0
23	1	26	1	0
23	1	59	1	0
23	1	65	1	0
23	1	40	1	1
23	1	84	2	0
23	1	41	1	1
24	1	26	296	1
24	3	26	243	1
24	2	26	35	1
24	4	26	9	1
24	3	39	33	1
24	1	39	23	1
24	4	39	1	1
24	2	39	4	1
24	3	56	15	0
24	1	56	14	0
24	2	56	2	0
24	4	63	5	1
24	1	63	51	1
24	3	63	58	1
24	2	63	7	1
24	1	35	53	0
24	3	35	6	0
24	1	57	9	1
24	1	75	2	1
24	1	45	20	0
24	3	45	4	0
24	1	27	4	0
24	1	41	48	0
24	3	41	13	0
24	2	41	1	0
24	1	38	6	0
24	3	38	2	0
24	2	38	1	0
24	1	86	16	1
24	3	86	17	1
24	2	86	2	1
24	1	51	18	0
24	1	29	84	1
24	3	29	25	1
24	2	29	3	1
24	4	29	1	1
24	1	28	72	0
24	3	28	19	0
24	2	28	3	0
24	1	60	16	0
24	2	60	1	0
24	3	60	2	0
24	1	40	83	0
24	3	40	63	0
24	4	40	1	0
24	2	40	5	0
24	1	46	21	0
24	3	46	4	0
24	1	31	4	0
24	1	69	13	0
24	3	69	14	0
24	2	69	1	0
24	1	64	14	0
24	3	64	8	0
24	1	32	80	0
24	3	32	17	0
24	2	32	2	0
24	1	59	50	1
24	3	59	91	1
24	4	59	1	1
24	2	59	14	1
24	1	80	9	0
24	1	62	13	1
24	3	62	10	1
24	2	25	6	1
24	3	25	17	1
24	1	25	21	1
24	4	25	1	1
24	3	65	26	1
24	1	65	36	1
24	2	65	1	1
24	1	34	37	0
24	1	83	21	0
24	1	44	14	0
24	3	44	2	0
24	1	71	8	0
24	1	43	7	0
24	1	84	7	1
24	3	84	6	1
24	1	58	14	0
24	3	58	3	0
24	1	91	7	0
24	1	72	7	0
24	3	72	8	0
24	1	37	7	0
24	2	37	1	0
24	3	37	8	0
24	1	36	19	0
24	3	36	9	0
24	1	76	9	1
24	1	30	8	1
24	1	77	7	0
24	1	104	1	0
24	1	33	6	0
24	1	95	1	0
24	1	70	3	0
24	3	70	6	0
24	1	48	6	0
24	3	48	1	0
24	1	67	1	1
24	1	66	6	0
24	1	73	1	0
24	1	55	2	0
24	1	78	7	0
24	3	74	1	0
24	1	103	2	0
24	1	85	2	0
24	1	88	3	0
24	3	50	6	0
24	2	50	1	0
24	1	47	2	0
25	4	26	5	1
25	1	26	106	1
25	3	26	28	1
25	2	26	12	1
25	1	59	13	1
25	3	59	4	1
25	2	59	1	1
25	1	39	9	1
25	2	39	1	1
25	3	39	3	1
25	1	29	31	1
25	3	29	2	1
25	2	29	1	1
25	1	57	4	1
25	2	57	1	1
25	1	41	13	0
25	3	41	1	0
25	1	83	9	0
25	1	44	3	0
25	1	40	29	0
25	3	40	7	0
25	1	34	13	0
25	1	63	18	1
25	3	63	4	1
25	1	71	3	0
25	1	43	3	0
25	1	62	4	1
25	3	62	1	1
25	1	84	3	1
25	1	58	6	0
25	1	32	26	0
25	1	51	3	0
25	1	91	3	0
25	1	65	12	1
25	2	65	1	1
25	3	65	1	1
25	1	28	22	0
25	1	72	3	0
25	1	86	6	1
25	3	86	1	1
25	1	64	3	0
25	1	37	3	0
25	3	37	1	0
25	1	35	15	0
25	1	36	7	0
25	3	36	2	0
25	1	76	3	1
25	1	80	3	0
25	1	45	6	0
25	3	45	1	0
25	1	30	4	1
25	1	77	3	0
25	1	69	3	0
25	1	46	3	0
25	3	60	1	0
25	3	38	1	0
25	1	70	1	0
25	1	33	1	0
25	1	47	2	0
25	1	56	3	0
25	1	78	1	0
25	1	88	1	0
26	1	32	378	0
26	3	32	56	0
26	2	32	2	0
26	1	45	174	0
26	2	45	1	0
26	3	45	8	0
26	1	34	160	0
26	3	34	4	0
26	1	35	241	0
26	3	35	26	0
26	2	35	3	0
26	1	41	277	0
26	3	41	41	0
26	2	41	3	0
26	1	40	612	0
26	3	40	118	0
26	2	40	10	0
26	1	65	156	1
26	3	65	233	1
26	4	65	8	1
26	2	65	36	1
26	1	29	370	1
26	2	29	26	1
26	3	29	152	1
26	4	29	6	1
26	1	33	71	0
26	3	33	3	0
26	1	51	78	0
26	3	51	4	0
26	1	78	27	0
26	1	28	339	0
26	3	28	35	0
26	2	28	2	0
26	1	60	95	0
26	3	60	15	0
26	2	60	3	0
26	1	46	74	0
26	3	46	9	0
26	2	46	2	0
26	1	69	74	0
26	3	69	32	0
26	2	69	1	0
26	1	59	227	1
26	2	59	58	1
26	3	59	476	1
26	4	59	6	1
26	3	76	32	1
26	1	76	31	1
26	2	76	7	1
26	4	76	2	1
26	3	62	152	1
26	1	62	190	1
26	2	62	25	1
26	4	62	3	1
26	2	39	41	1
26	1	39	177	1
26	3	39	210	1
26	4	39	10	1
26	1	70	51	0
26	3	70	17	0
26	2	70	1	0
26	1	47	19	0
26	1	56	60	0
26	3	56	8	0
26	1	30	42	1
26	3	30	5	1
26	4	30	1	1
26	2	30	1	1
26	1	36	99	0
26	3	36	19	0
26	2	36	1	0
26	1	88	22	0
26	1	38	59	0
26	3	38	8	0
26	2	38	2	0
26	1	95	21	0
26	2	95	1	0
26	3	95	1	0
26	1	44	144	0
26	3	44	6	0
26	1	31	32	0
26	2	57	5	1
26	1	57	39	1
26	4	57	4	1
26	3	57	4	1
26	3	53	11	1
26	1	53	15	1
26	2	53	4	1
26	4	53	1	1
26	1	63	221	1
26	2	63	38	1
26	3	63	253	1
26	4	63	8	1
26	3	37	62	0
26	1	37	38	0
26	2	37	7	0
26	3	72	54	0
26	2	72	7	0
26	1	72	37	0
26	3	84	55	1
26	2	84	9	1
26	1	84	31	1
26	4	84	1	1
26	3	43	5	0
26	1	43	33	0
26	2	43	1	0
26	3	86	125	1
26	2	86	20	1
26	4	86	3	1
26	1	86	70	1
26	1	74	2	0
26	3	74	1	0
26	1	61	1	0
26	1	48	8	0
26	3	48	3	0
26	1	50	6	0
26	3	50	1	0
26	1	94	1	0
26	3	81	22	1
26	2	81	3	1
26	4	81	1	1
26	3	64	24	0
26	1	64	64	0
26	2	64	1	0
26	1	80	41	0
26	4	80	1	0
26	1	83	98	0
26	3	83	5	0
26	1	71	32	0
26	1	58	65	0
26	2	58	3	0
26	3	58	22	0
26	1	91	45	0
26	1	77	32	0
26	2	75	5	1
26	3	75	16	1
26	1	75	10	1
26	4	75	1	1
26	3	54	5	0
26	2	54	1	0
26	1	54	1	0
26	1	104	9	0
26	1	67	3	1
26	4	67	1	1
26	1	98	12	0
26	1	92	12	0
26	1	85	13	0
26	3	85	2	0
26	2	85	1	0
26	2	103	1	0
26	1	103	1	0
26	2	55	1	0
26	3	55	5	0
26	1	55	1	0
26	1	27	4	0
26	3	27	1	0
26	1	66	1	0
26	1	82	1	0
27	2	38	1	0
27	3	38	1	0
27	2	37	1	0
27	3	37	2	0
27	3	48	3	0
27	1	48	2	0
27	3	56	1	1
27	1	56	20	1
27	3	32	1	1
27	3	51	2	0
27	3	46	3	0
27	1	46	1	0
27	1	75	2	0
27	1	99	6	0
27	1	64	1	1
27	1	66	1	0
27	1	28	2	1
27	2	34	1	0
27	3	34	1	0
27	1	34	1	0
27	2	61	1	0
27	1	63	1	0
27	1	35	8	1
27	1	57	1	0
27	1	45	1	1
27	1	41	1	1
27	3	78	1	1
28	1	40	106	1
28	3	40	20	1
28	4	40	1	1
28	2	40	5	1
28	1	95	2	1
28	1	56	17	1
28	1	96	1	0
28	1	58	15	1
28	3	58	2	1
28	3	29	10	0
28	1	29	88	0
28	2	29	1	0
28	4	32	2	1
28	2	32	8	1
28	1	32	89	1
28	3	32	17	1
28	1	66	8	0
28	1	38	43	0
28	3	38	8	0
28	2	38	2	0
28	1	74	6	0
28	3	74	1	0
28	1	49	2	0
28	1	54	2	0
28	1	37	16	0
28	2	37	1	0
28	3	37	4	0
28	1	55	6	0
28	1	34	37	0
28	3	34	14	0
28	2	34	4	0
28	1	50	5	0
28	1	48	5	0
28	1	61	4	0
28	1	46	24	0
28	3	46	4	0
28	1	51	30	0
28	1	94	2	0
28	3	63	18	0
28	1	63	60	0
28	2	63	4	0
28	1	99	1	0
28	1	75	1	0
28	1	86	20	0
28	3	86	2	0
28	1	39	33	0
28	3	39	8	0
28	1	41	60	1
28	3	41	3	1
28	1	60	28	1
28	2	60	2	1
28	3	60	4	1
28	1	31	7	1
28	1	69	17	1
28	3	69	3	1
28	1	64	14	1
28	3	64	1	1
28	1	35	51	1
28	1	59	53	0
28	3	59	15	0
28	2	59	1	0
28	1	80	13	1
28	1	62	24	0
28	3	62	1	0
28	1	45	24	1
28	1	44	13	1
28	3	44	1	1
28	1	88	2	0
28	1	33	7	1
28	3	33	2	1
28	1	83	21	0
28	1	71	7	0
28	1	43	7	0
28	1	84	7	0
28	1	91	8	1
28	1	65	31	0
28	1	72	7	0
28	3	72	1	0
28	1	57	7	0
28	1	36	16	1
28	1	76	7	0
28	1	30	8	0
28	1	77	7	0
28	1	98	1	1
28	1	53	1	0
28	1	92	1	1
28	1	70	3	1
28	1	85	1	1
28	1	78	7	1
28	1	47	3	1
29	4	40	1	0
29	1	40	102	0
29	3	40	13	0
29	2	40	1	0
29	1	83	30	0
29	3	83	13	0
29	2	83	2	0
29	1	44	15	0
29	3	44	2	0
29	1	41	45	0
29	3	41	10	0
29	1	34	44	0
29	3	34	3	0
29	1	63	69	1
29	3	63	21	1
29	2	63	1	1
29	1	59	52	1
29	3	59	34	1
29	2	59	3	1
29	1	71	10	0
29	1	43	10	0
29	3	43	2	0
29	1	62	15	1
29	3	62	10	1
29	2	62	3	1
29	1	84	10	1
29	3	84	2	1
29	1	58	20	0
29	1	32	95	0
29	3	32	27	0
29	1	51	18	0
29	1	91	10	0
29	1	65	41	1
29	3	65	8	1
29	4	65	1	1
29	2	65	1	1
29	1	72	10	0
29	3	72	2	0
29	1	57	11	1
29	3	57	1	1
29	1	86	22	1
29	3	86	5	1
29	1	64	13	0
29	3	64	9	0
29	1	37	10	0
29	2	37	2	0
29	3	37	17	0
29	1	35	58	0
29	3	35	1	0
29	1	39	26	1
29	4	39	1	1
29	2	39	8	1
29	3	39	39	1
29	1	36	22	0
29	3	36	7	0
29	1	76	11	1
29	3	76	1	1
29	1	80	12	0
29	1	45	24	0
29	3	45	1	0
29	1	30	10	1
29	1	77	10	0
29	1	69	15	0
29	3	69	2	0
29	1	46	18	0
29	3	46	20	0
29	2	46	3	0
29	3	56	12	0
29	1	56	3	0
29	3	60	3	0
29	1	60	12	0
29	1	38	6	0
29	3	38	8	0
29	2	38	2	0
29	1	31	3	0
29	3	104	1	0
29	1	104	1	0
29	3	95	1	0
29	1	95	1	0
29	3	75	1	1
29	1	75	1	1
29	3	66	5	0
29	2	66	2	0
29	1	33	4	0
29	1	70	2	0
29	3	70	1	0
29	1	88	1	0
29	2	103	1	0
29	1	103	1	0
29	3	103	1	0
29	2	85	1	0
29	3	85	2	0
29	1	85	1	0
29	3	53	2	1
29	1	78	4	0
29	3	74	5	0
29	3	48	5	0
29	3	50	9	0
29	2	50	1	0
29	3	55	6	0
29	1	55	1	0
30	1	70	1	0
30	1	41	6	0
30	1	33	1	0
30	1	47	2	0
30	1	32	9	0
30	1	56	3	0
30	1	36	3	0
30	1	62	2	1
30	1	78	1	0
30	1	88	1	0
30	1	39	4	1
30	1	34	5	0
30	1	40	11	0
30	1	38	3	0
30	1	83	3	0
30	1	44	1	0
30	1	63	6	1
30	1	59	5	1
30	1	71	1	0
30	1	43	1	0
30	1	84	1	1
30	1	58	2	0
30	1	51	2	0
30	1	91	1	0
30	1	65	4	1
30	1	72	1	0
30	1	57	1	1
30	1	86	2	1
30	1	64	1	0
30	1	37	1	0
30	1	35	6	0
30	1	76	1	1
30	3	76	1	1
30	1	80	1	0
30	1	45	2	0
30	1	77	1	0
30	1	69	2	0
30	1	46	1	0
31	1	58	1	1
31	1	44	7	1
31	3	44	2	1
31	1	95	3	1
31	3	95	1	1
31	1	41	11	1
31	3	41	5	1
31	2	35	2	1
31	3	35	6	1
31	1	35	3	1
31	1	38	4	0
31	1	86	1	0
31	1	63	3	0
31	1	51	4	0
31	1	39	8	0
31	1	56	2	1
31	1	60	4	1
31	1	40	17	1
31	3	40	5	1
31	1	46	1	0
31	1	69	2	1
31	3	69	1	1
31	1	64	1	1
31	3	64	1	1
31	4	64	1	1
31	1	32	3	1
31	3	32	2	1
31	2	32	1	1
31	4	32	1	1
31	1	59	5	0
31	1	80	1	1
31	1	62	8	0
31	3	103	2	1
31	3	85	2	1
31	2	85	1	1
31	2	33	1	1
31	1	33	2	1
31	4	33	1	1
31	1	104	1	1
31	1	45	5	1
31	3	45	1	1
31	1	36	1	1
31	3	36	1	1
31	1	70	2	1
31	1	75	1	0
31	1	72	3	0
31	1	53	4	0
31	1	88	1	0
32	1	45	31	1
32	3	45	3	1
32	1	34	46	0
32	3	34	17	0
32	2	34	2	0
32	1	35	56	1
32	3	35	2	1
32	1	41	58	1
32	3	41	21	1
32	4	41	1	1
32	2	41	1	1
32	1	40	117	1
32	2	40	11	1
32	3	40	87	1
32	4	40	3	1
32	1	65	41	0
32	2	65	1	0
32	3	65	3	0
32	1	33	9	1
32	3	33	2	1
32	2	33	1	1
32	4	33	1	1
32	1	51	27	0
32	3	51	2	0
32	1	78	9	1
32	1	60	25	1
32	3	60	11	1
32	1	46	27	0
32	3	46	35	0
32	2	46	10	0
32	1	69	15	1
32	3	69	17	1
32	2	69	3	1
32	4	69	2	1
32	1	59	65	0
32	2	59	7	0
32	3	59	58	0
32	3	36	13	1
32	1	36	19	1
32	2	36	5	1
32	4	36	1	1
32	3	37	47	0
32	1	37	17	0
32	2	37	9	0
32	1	48	6	0
32	3	48	3	0
32	1	57	9	0
32	1	44	19	1
32	2	44	2	1
32	3	44	5	1
32	1	39	32	0
32	3	39	11	0
32	1	56	7	1
32	3	56	32	1
32	2	56	1	1
32	1	64	15	1
32	3	64	17	1
32	2	64	1	1
32	4	64	1	1
32	1	67	1	0
32	1	66	7	0
32	1	38	33	0
32	3	38	11	0
32	2	38	1	0
32	1	74	6	0
32	3	74	4	0
32	1	49	4	0
32	1	54	2	0
32	1	55	6	0
32	1	50	5	0
32	1	61	3	0
32	1	94	1	0
32	3	63	22	0
32	1	63	61	0
32	2	63	1	0
32	1	101	1	0
32	1	82	1	0
32	1	97	1	0
32	3	83	14	0
32	1	83	25	0
32	1	88	3	0
32	1	70	4	1
32	4	70	1	1
32	3	70	3	1
32	2	70	1	1
32	1	47	2	1
32	1	62	28	0
32	3	62	1	0
32	3	72	5	0
32	1	72	8	0
32	1	71	8	0
32	1	43	8	0
32	1	84	8	0
32	3	84	1	0
32	1	58	16	1
32	3	58	1	1
32	1	91	10	1
32	1	86	19	0
32	3	86	3	0
32	1	76	8	0
32	1	80	11	1
32	1	77	8	0
32	3	95	3	1
32	1	95	1	1
32	1	79	1	0
32	3	103	5	1
32	3	85	5	1
32	1	85	2	1
32	1	98	2	1
32	1	53	2	0
32	1	92	2	1
33	4	70	1	1
33	1	70	8	1
33	2	70	1	1
33	4	41	1	1
33	1	41	14	1
33	2	41	2	1
33	3	41	6	1
33	1	47	2	1
33	1	56	5	1
33	1	36	5	1
33	3	36	2	1
33	1	62	23	0
33	3	62	2	0
33	2	62	1	0
33	1	78	3	1
33	1	88	2	0
33	1	39	13	0
33	3	39	1	0
33	1	34	3	0
33	1	40	39	1
33	3	40	3	1
33	1	104	2	1
33	1	45	16	1
33	1	69	5	1
33	1	44	18	1
33	3	44	1	1
33	1	95	3	1
33	1	59	5	0
33	3	59	1	0
33	1	75	2	0
33	3	63	1	0
33	3	58	1	1
33	3	46	2	0
33	1	46	3	0
33	1	98	2	1
33	1	91	2	1
33	1	53	2	0
33	1	60	9	1
33	1	92	2	1
33	1	35	6	1
33	1	85	2	1
33	3	85	1	1
33	1	64	2	1
33	1	38	3	0
33	3	49	2	0
33	2	49	1	0
33	1	65	1	0
33	1	51	1	0
34	4	101	2	1
34	1	101	9	1
34	3	101	2	1
34	2	101	3	1
34	4	82	2	1
34	1	82	6	1
34	3	82	2	1
34	2	82	3	1
34	1	38	30	0
34	3	38	1	0
34	2	38	1	0
34	1	49	8	0
34	3	49	1	0
34	2	49	1	0
34	1	97	3	1
34	2	97	1	1
34	3	97	1	1
34	2	73	4	1
34	1	73	10	1
34	4	73	3	1
34	3	73	4	1
34	3	43	13	1
34	1	43	27	1
34	2	43	8	1
34	4	43	4	1
34	3	42	11	1
34	2	42	7	1
34	1	42	6	1
34	4	42	3	1
34	3	100	2	1
34	4	100	1	1
34	2	100	1	1
34	3	46	12	0
34	1	46	17	0
34	2	46	4	0
34	1	40	41	0
34	4	40	1	0
34	3	40	8	0
34	2	40	3	0
34	1	65	24	0
34	1	48	10	0
34	3	48	1	0
34	1	59	25	0
34	1	51	11	0
34	3	51	2	0
34	1	57	5	0
34	1	41	22	0
34	3	41	4	0
34	1	44	5	0
34	1	39	11	0
34	1	56	11	0
34	3	56	4	0
34	1	64	6	0
34	3	64	4	0
34	1	67	1	0
34	1	36	10	0
34	3	36	3	0
34	2	74	1	0
34	1	74	10	0
34	1	66	8	0
34	3	66	2	0
34	1	54	4	0
34	1	37	22	0
34	2	37	1	0
34	3	37	6	0
34	1	55	6	0
34	1	50	6	0
34	1	61	5	1
34	4	61	2	1
34	2	61	3	1
34	1	94	2	0
34	1	83	12	0
34	3	83	2	0
34	1	63	24	0
34	3	63	1	0
34	1	71	4	1
34	1	62	5	0
34	1	84	4	0
34	1	58	8	0
34	1	91	4	0
34	1	72	4	0
34	1	86	8	0
34	1	35	24	0
34	1	76	4	0
34	1	80	4	0
34	1	45	10	0
34	1	77	4	1
34	1	69	6	0
34	3	60	4	0
34	1	60	4	0
34	1	93	3	1
34	4	93	1	1
34	1	79	3	1
34	4	79	1	1
34	2	87	3	1
34	3	87	5	1
34	4	87	1	1
34	1	87	2	1
34	1	68	1	0
34	1	78	5	0
34	1	70	1	0
34	1	47	2	0
34	1	88	1	0
35	1	47	1	1
35	1	45	30	1
35	1	41	42	1
35	3	41	1	1
35	1	40	81	1
35	3	40	1	1
35	1	65	22	0
35	3	65	3	0
35	1	51	11	0
35	1	78	4	1
35	1	60	13	1
35	1	46	13	0
35	1	69	10	1
35	3	69	1	1
35	1	59	31	0
35	3	59	10	0
35	2	59	1	0
35	3	39	9	0
35	1	39	20	0
35	2	39	2	0
35	1	62	20	0
35	3	62	1	0
35	1	98	1	1
35	1	91	6	1
35	1	53	1	0
35	1	44	14	1
35	1	92	1	1
35	1	70	2	1
35	3	70	1	1
35	1	85	2	1
35	1	36	12	1
35	3	36	1	1
35	1	64	7	1
35	3	64	1	1
35	1	38	6	0
35	1	63	42	0
35	3	63	5	0
35	1	57	13	0
35	1	75	8	0
35	1	95	2	1
35	1	88	2	0
35	1	79	1	0
35	1	48	1	0
35	1	103	1	1
35	1	76	6	0
35	1	86	11	0
35	3	86	2	0
35	1	56	1	1
35	1	80	6	1
35	1	83	15	0
35	1	71	5	0
35	1	43	5	0
35	1	84	5	0
35	3	84	1	0
35	1	58	10	1
35	1	72	5	0
35	3	72	1	0
35	1	37	5	0
35	1	77	5	0
36	1	70	4	1
36	2	70	3	1
36	3	70	9	1
36	4	70	1	1
36	1	41	15	1
36	3	41	17	1
36	2	41	2	1
36	4	41	1	1
36	1	47	2	1
36	1	56	5	1
36	1	62	12	0
36	3	62	1	0
36	1	78	1	1
36	1	88	1	0
36	1	39	11	0
36	3	39	1	0
36	1	40	36	1
36	2	40	4	1
36	3	40	15	1
36	3	64	5	1
36	2	64	1	1
36	1	64	4	1
36	4	64	1	1
36	1	104	1	1
36	1	45	10	1
36	3	45	1	1
36	1	69	3	1
36	3	69	3	1
36	2	69	1	1
36	4	69	1	1
36	1	44	12	1
36	2	44	3	1
36	3	44	14	1
36	1	95	1	1
36	3	95	1	1
36	1	59	13	0
36	3	59	9	0
36	2	59	1	0
36	1	75	1	0
36	3	85	5	1
36	2	85	1	1
36	1	85	2	1
36	3	38	6	0
36	2	38	3	0
36	1	38	1	0
36	1	83	6	0
36	1	63	13	0
36	3	63	8	0
36	1	71	2	0
36	1	43	2	0
36	1	84	2	0
36	3	84	1	0
36	1	58	4	1
36	1	51	3	0
36	1	91	3	1
36	1	65	13	0
36	3	65	3	0
36	1	72	2	0
36	3	72	1	0
36	1	57	3	0
36	1	86	4	0
36	3	86	2	0
36	1	37	2	0
36	3	37	2	0
36	1	76	3	0
36	1	80	2	1
36	1	77	2	0
36	1	46	2	0
36	3	46	8	0
36	3	103	1	1
36	1	103	1	1
36	3	48	3	0
36	1	48	1	0
36	3	50	9	0
36	1	60	4	1
36	1	98	1	1
36	1	53	1	0
36	1	92	1	1
36	1	67	1	0
37	1	66	65	1
37	1	38	219	1
37	2	38	3	1
37	3	38	11	1
37	4	38	5	1
37	1	74	59	1
37	3	74	3	1
37	2	74	1	1
37	4	74	1	1
37	1	49	21	1
37	1	54	21	1
37	3	54	3	1
37	2	54	1	1
37	1	55	54	1
37	3	55	4	1
37	1	50	62	1
37	3	50	2	1
37	1	48	55	1
37	2	48	5	1
37	3	48	17	1
37	1	61	34	0
37	1	46	39	1
37	3	46	28	1
37	2	46	4	1
37	1	51	28	1
37	3	51	7	1
37	2	51	3	1
37	1	94	11	1
37	3	64	10	0
37	1	64	1	0
37	2	64	1	0
37	3	40	24	0
37	2	40	4	0
37	1	40	9	0
37	3	60	5	0
37	2	60	1	0
37	1	90	9	0
37	1	57	4	0
37	1	56	20	0
37	3	56	17	0
37	2	56	1	0
37	1	68	3	1
37	1	65	9	0
37	3	65	7	0
37	1	88	3	1
37	1	83	6	1
37	3	83	18	1
37	2	83	2	1
37	1	59	9	0
37	3	59	65	0
37	2	59	9	0
37	3	41	10	0
37	2	41	2	0
37	1	41	3	0
37	2	63	2	0
37	3	63	17	0
37	1	63	6	0
37	3	39	6	0
37	2	39	1	0
37	1	39	2	0
37	3	72	5	1
37	2	72	2	1
37	1	72	1	1
37	3	45	2	0
37	1	45	2	0
37	3	69	1	0
37	1	69	3	0
37	3	86	3	0
37	1	86	2	0
37	3	62	2	0
37	1	62	1	0
37	3	84	1	0
37	1	84	1	0
37	1	43	7	0
37	1	73	1	0
37	1	42	1	0
37	1	44	1	0
37	1	71	1	0
37	1	58	2	0
37	1	91	1	0
37	1	76	1	0
37	1	80	1	0
37	1	77	1	0
38	1	66	144	1
38	3	66	3	1
38	2	66	3	1
38	1	74	134	1
38	3	74	5	1
38	4	74	1	1
38	1	49	50	1
38	4	49	1	1
38	1	54	50	1
38	4	54	2	1
38	2	54	2	1
38	3	54	5	1
38	1	55	122	1
38	4	55	3	1
38	3	55	9	1
38	1	50	150	1
38	3	50	25	1
38	2	50	6	1
38	4	50	2	1
38	1	48	118	1
38	2	48	10	1
38	3	48	13	1
38	4	48	5	1
38	1	61	76	0
38	2	61	1	0
38	1	46	75	1
38	2	46	4	1
38	3	46	4	1
38	1	51	68	1
38	2	51	6	1
38	3	51	6	1
38	4	51	1	1
38	1	94	25	1
38	4	94	1	1
38	2	63	1	0
38	3	63	3	0
38	1	63	9	0
38	3	65	2	0
38	1	65	13	0
38	4	65	1	0
38	3	41	8	0
38	1	41	18	0
38	2	41	1	0
38	3	85	3	0
38	1	85	1	0
38	3	40	14	0
38	1	40	29	0
38	2	40	2	0
38	1	101	1	0
38	1	82	1	0
38	1	97	1	0
38	2	97	1	0
38	3	97	1	0
38	1	86	3	0
38	1	39	11	0
38	3	39	2	0
38	1	56	32	0
38	3	56	7	0
38	2	56	2	0
38	1	60	13	0
38	1	69	5	0
38	1	64	4	0
38	3	64	2	0
38	1	59	24	0
38	3	59	7	0
38	1	80	3	0
38	1	62	13	0
38	2	44	1	0
38	3	44	2	0
38	1	44	6	0
38	3	95	1	0
38	1	95	1	0
38	1	90	27	0
38	1	57	9	0
38	1	68	9	1
38	4	68	3	1
38	2	68	2	1
38	3	68	2	1
38	1	88	9	1
38	4	88	1	1
38	1	83	9	1
38	3	83	4	1
38	1	72	2	1
38	3	72	2	1
38	4	72	1	1
38	1	99	1	0
38	1	75	1	0
38	1	45	7	0
38	2	45	1	0
38	1	43	1	0
38	1	98	1	0
38	1	91	1	0
38	1	53	1	0
38	1	92	1	0
38	1	70	2	0
39	1	86	6	1
39	3	86	3	1
39	1	63	18	1
39	2	63	2	1
39	3	63	17	1
39	1	51	10	0
39	1	56	11	0
39	3	56	2	0
39	1	41	43	0
39	3	41	6	0
39	1	60	15	0
39	3	60	2	0
39	1	40	87	0
39	3	40	32	0
39	2	40	2	0
39	1	46	4	0
39	3	46	3	0
39	1	69	8	0
39	3	69	7	0
39	2	69	1	0
39	1	64	9	0
39	3	64	1	0
39	1	59	24	1
39	3	59	25	1
39	2	59	2	1
39	1	80	4	0
39	1	62	36	1
39	3	62	21	1
39	2	62	3	1
39	3	104	1	0
39	1	104	2	0
39	3	44	4	0
39	1	44	25	0
39	3	95	1	0
39	1	95	5	0
39	3	75	2	1
39	1	75	2	1
39	1	45	25	0
39	2	45	1	0
39	3	45	1	0
39	1	88	5	0
39	2	58	3	0
39	3	58	14	0
39	1	58	4	0
39	3	84	2	1
39	1	84	2	1
39	3	76	2	1
39	1	76	2	1
39	2	76	1	1
39	3	53	4	1
39	2	53	1	1
39	1	53	2	1
39	1	50	2	0
39	3	65	14	1
39	1	65	13	1
39	2	103	1	0
39	2	85	1	0
39	3	85	1	0
39	1	85	2	0
39	3	72	2	0
39	1	72	2	0
39	3	70	1	0
39	1	70	10	0
39	3	57	1	1
39	1	57	4	1
39	1	48	1	0
39	1	67	1	1
39	1	47	4	0
39	1	78	2	0
39	3	74	1	0
39	1	83	6	0
39	1	71	2	0
39	1	43	2	0
39	1	91	4	0
39	1	77	2	0
39	1	98	2	0
39	1	92	2	0
39	3	55	1	0
39	3	54	1	0
40	1	65	48	0
40	3	65	5	0
40	1	48	2	0
40	1	59	69	0
40	3	59	34	0
40	2	59	2	0
40	1	51	21	0
40	1	57	11	0
40	1	41	113	1
40	4	41	5	1
40	2	41	22	1
40	3	41	165	1
40	1	44	82	1
40	2	44	9	1
40	3	44	71	1
40	4	44	2	1
40	1	56	14	1
40	4	56	1	1
40	3	56	16	1
40	2	56	1	1
40	1	64	28	1
40	3	64	12	1
40	2	64	1	1
40	1	67	2	0
40	1	62	123	0
40	3	62	1	0
40	1	45	95	1
40	3	45	27	1
40	2	45	3	1
40	1	95	13	1
40	3	95	19	1
40	4	95	1	1
40	2	95	2	1
40	1	88	13	0
40	1	60	50	1
40	3	60	28	1
40	2	60	4	1
40	4	60	3	1
40	3	85	37	1
40	2	85	5	1
40	1	85	11	1
40	3	103	6	1
40	1	103	1	1
40	3	69	68	1
40	1	69	26	1
40	2	69	7	1
40	1	83	27	0
40	3	83	9	0
40	2	83	1	0
40	1	63	66	0
40	3	63	25	0
40	1	71	9	0
40	1	43	9	0
40	1	84	9	0
40	3	84	1	0
40	1	58	19	1
40	3	58	1	1
40	1	91	19	1
40	1	72	9	0
40	3	72	3	0
40	1	86	21	0
40	3	86	4	0
40	1	76	10	0
40	1	80	12	1
40	1	77	9	0
40	1	46	15	0
40	3	46	12	0
40	2	46	3	0
40	1	96	1	0
40	1	98	10	1
40	1	53	10	0
40	1	92	10	1
40	1	70	28	1
40	3	70	3	1
40	1	104	3	1
40	3	104	1	1
40	1	75	3	0
40	3	74	2	0
40	1	78	4	1
40	1	47	4	1
41	4	70	2	1
41	1	70	7	1
41	3	70	7	1
41	2	70	4	1
41	1	47	6	1
41	1	56	22	1
41	3	56	9	1
41	1	62	41	0
41	3	62	2	0
41	1	78	7	1
41	1	88	7	0
41	1	45	31	1
41	3	45	11	1
41	2	45	2	1
41	1	95	5	1
41	3	95	11	1
41	2	95	1	1
41	1	44	24	1
41	2	44	10	1
41	3	44	46	1
41	4	44	3	1
41	1	60	27	1
41	3	60	6	1
41	1	59	47	0
41	3	59	25	0
41	2	59	4	0
41	3	85	32	1
41	2	85	5	1
41	1	85	3	1
41	3	103	6	1
41	1	103	1	1
41	3	69	9	1
41	1	69	11	1
41	4	69	1	1
41	2	69	1	1
41	1	83	10	0
41	3	83	6	0
41	1	63	32	0
41	3	63	12	0
41	1	71	3	0
41	1	43	3	0
41	1	84	5	0
41	3	84	2	0
41	1	58	8	1
41	3	58	1	1
41	1	51	20	0
41	3	51	1	0
41	1	91	5	1
41	1	65	29	0
41	2	65	1	0
41	3	65	4	0
41	1	72	3	0
41	3	72	1	0
41	1	57	8	0
41	1	86	10	0
41	3	86	4	0
41	1	64	15	1
41	3	64	8	1
41	4	64	1	1
41	2	64	1	1
41	1	76	4	0
41	1	80	7	1
41	1	77	3	0
41	1	46	14	0
41	3	46	10	0
41	2	46	5	0
41	1	98	2	1
41	1	53	2	0
41	1	92	2	1
41	3	104	1	1
41	1	104	1	1
41	1	48	3	0
41	3	48	3	0
41	1	67	3	0
41	3	61	2	0
41	2	50	1	0
41	3	50	3	0
41	1	75	2	0
42	4	87	1	1
42	2	87	1	1
42	4	43	3	1
42	1	43	4	1
42	2	43	3	1
42	3	43	1	1
42	3	73	1	1
42	2	73	1	1
42	1	73	1	1
42	3	101	1	1
42	3	82	1	1
42	3	100	1	1
42	3	46	1	0
43	1	73	4	1
43	3	73	1	1
43	2	73	1	1
43	1	56	4	0
43	1	46	4	0
43	3	46	1	0
43	1	51	2	0
43	1	48	1	0
43	1	69	2	0
43	1	83	3	0
43	1	44	1	0
43	1	63	6	0
43	1	59	4	0
43	1	71	1	1
43	1	62	1	0
43	1	84	1	0
43	1	58	2	0
43	1	91	1	0
43	1	65	4	0
43	1	72	1	0
43	1	57	1	0
43	1	86	2	0
43	1	64	1	0
43	1	76	1	0
43	1	80	1	0
43	1	45	2	0
43	1	77	1	1
43	4	87	1	1
43	1	87	1	1
43	2	87	2	1
43	3	101	1	1
43	3	82	1	1
43	3	100	1	1
44	1	83	3	0
44	1	63	7	0
44	1	59	14	0
44	3	59	3	0
44	1	71	1	0
44	1	62	45	0
44	3	62	1	0
44	1	84	1	0
44	1	58	3	1
44	3	58	1	1
44	1	51	2	0
44	1	91	5	1
44	1	65	9	0
44	1	72	1	0
44	1	57	2	0
44	1	86	2	0
44	1	64	7	1
44	3	64	7	1
44	2	64	2	1
44	1	76	2	0
44	1	80	1	1
44	1	45	32	1
44	2	45	1	1
44	3	45	11	1
44	1	77	1	0
44	1	69	9	1
44	3	69	9	1
44	2	69	2	1
44	1	46	1	0
44	3	85	18	1
44	1	85	5	1
44	2	85	3	1
44	3	95	11	1
44	1	95	5	1
44	2	95	4	1
44	4	95	2	1
44	3	60	2	1
44	1	60	15	1
44	1	104	4	1
44	3	104	5	1
44	1	70	13	1
44	3	70	20	1
44	2	70	8	1
44	4	70	3	1
44	1	56	5	1
44	1	75	4	0
44	1	103	1	1
44	3	103	3	1
44	2	103	1	1
44	1	98	4	1
44	1	53	4	0
44	1	92	4	1
44	1	88	2	0
44	1	48	1	0
44	1	67	1	0
44	1	66	1	0
45	1	104	2	1
45	1	69	9	1
45	3	69	1	1
45	1	95	5	1
45	3	95	2	1
45	1	59	15	0
45	2	59	1	0
45	3	59	2	0
45	1	70	12	1
45	3	70	3	1
45	1	56	2	1
45	1	62	44	0
45	1	75	3	0
45	1	88	3	0
45	1	60	17	1
45	3	60	2	1
45	3	85	3	1
45	1	85	4	1
45	2	85	1	1
45	1	65	9	0
45	1	51	3	0
45	1	78	2	1
45	1	46	5	0
45	3	46	1	0
45	1	98	4	1
45	1	91	6	1
45	1	53	4	0
45	1	92	4	1
45	1	64	6	1
45	2	64	1	1
45	3	64	1	1
45	3	63	2	0
45	1	63	13	0
45	3	86	1	0
45	1	86	4	0
45	1	83	6	0
45	1	71	2	0
45	1	84	2	0
45	1	58	4	1
45	1	72	2	0
45	1	57	3	0
45	1	76	2	0
45	1	80	2	1
45	1	77	2	0
45	3	103	1	1
46	1	66	23	1
46	1	48	30	1
46	3	48	8	1
46	2	48	1	1
46	1	73	1	0
46	2	73	1	0
46	3	73	1	0
46	1	55	14	1
46	3	61	2	0
46	2	61	2	0
46	1	61	12	0
46	1	74	15	1
46	1	49	6	1
46	1	54	6	1
46	1	50	21	1
46	3	50	8	1
46	1	51	19	1
46	3	51	4	1
46	2	51	2	1
46	1	94	3	1
46	2	83	4	1
46	3	83	15	1
46	1	83	6	1
46	3	64	6	0
46	2	64	3	0
46	1	64	2	0
46	3	63	6	0
46	2	63	1	0
46	1	63	9	0
46	3	56	31	0
46	1	56	26	0
46	2	56	5	0
46	3	59	6	0
46	1	59	17	0
46	1	90	6	0
46	1	57	3	0
46	1	68	2	1
46	1	65	10	0
46	1	88	2	1
46	1	69	8	0
46	3	62	1	0
46	1	62	2	0
46	2	60	1	0
46	1	60	9	0
46	3	60	2	0
46	3	101	1	0
46	3	82	1	0
46	3	100	1	0
46	1	86	3	0
46	1	80	2	0
46	1	79	1	0
46	1	78	6	0
46	1	71	1	0
46	1	84	1	0
46	1	58	2	0
46	1	91	1	0
46	1	72	1	1
46	1	76	1	0
46	1	77	1	0
47	1	70	2	1
47	1	56	6	1
47	1	62	2	0
47	1	78	1	1
47	4	78	1	1
47	1	88	2	0
47	2	58	1	1
48	3	56	9	0
48	1	56	24	0
48	2	56	2	0
48	3	51	10	1
48	1	51	17	1
48	2	51	3	1
48	4	51	1	1
48	1	65	10	0
48	3	65	3	0
48	1	59	10	0
48	1	57	4	0
48	1	64	2	0
48	1	67	1	0
48	1	90	9	0
48	1	54	11	1
48	1	50	37	1
48	3	50	24	1
48	2	50	5	1
48	1	68	4	1
48	1	88	3	1
48	1	61	19	0
48	1	74	30	1
48	1	83	3	1
48	1	49	11	1
48	3	63	1	0
48	1	66	54	1
48	2	66	1	1
48	3	66	1	1
48	1	55	32	1
48	1	94	6	1
48	1	73	4	0
48	3	73	1	0
48	1	69	1	0
48	1	82	1	0
48	1	79	1	0
49	1	101	2	0
49	1	82	2	0
49	1	97	2	0
49	2	97	1	0
49	3	97	1	0
49	1	66	14	1
49	1	74	14	1
49	1	54	5	1
49	1	55	12	1
49	1	50	15	1
49	1	61	7	0
49	1	51	5	1
49	1	94	2	1
49	3	62	1	0
49	1	90	3	0
49	1	57	1	0
49	1	56	2	0
49	1	68	1	1
49	1	65	1	0
49	1	88	1	1
49	1	83	1	1
49	1	59	1	0
50	1	66	36	1
50	3	66	1	1
50	1	74	37	1
50	1	54	16	1
50	3	54	2	1
50	1	55	31	1
50	3	55	2	1
50	2	55	1	1
50	1	61	21	0
50	1	51	19	1
50	3	51	1	1
50	1	94	6	1
50	1	90	15	0
50	1	57	5	0
50	1	56	10	0
50	3	56	5	0
50	2	56	1	0
50	1	68	5	1
50	1	65	6	0
50	2	65	1	0
50	3	65	4	0
50	1	88	5	1
50	1	83	5	1
50	1	59	6	0
50	1	58	1	0
50	3	63	3	0
50	1	72	1	1
51	1	86	5	0
51	1	63	16	0
51	1	56	10	0
51	3	56	2	0
51	1	60	11	0
51	1	69	6	0
51	1	64	6	0
51	3	64	1	0
51	1	59	28	0
51	2	59	1	0
51	3	59	2	0
51	1	80	4	0
51	1	62	4	0
51	3	73	2	0
51	1	65	13	0
51	1	57	3	0
51	1	67	1	0
51	1	74	15	1
51	1	61	9	0
51	1	94	4	1
51	1	90	3	0
51	1	54	5	1
51	1	68	1	1
51	1	88	1	1
51	1	83	4	1
51	1	66	14	1
51	1	55	12	1
51	2	55	1	1
51	3	55	1	1
51	1	71	1	0
51	1	84	1	0
51	1	58	2	0
51	1	91	1	0
51	1	72	1	1
51	1	76	1	0
51	1	77	1	0
51	1	78	2	0
51	1	79	1	0
53	1	72	12	0
53	3	72	3	0
53	1	62	6	1
53	3	62	1	1
53	1	98	1	0
53	1	91	1	0
53	1	60	3	0
53	1	92	1	0
53	1	70	2	0
53	1	85	1	0
53	1	69	1	0
53	1	64	1	0
54	1	90	3	0
54	1	57	1	0
54	1	56	2	0
54	1	68	1	1
54	1	65	1	0
54	1	88	1	1
54	1	61	7	0
54	1	74	13	1
54	1	83	1	1
54	1	59	1	0
54	3	59	3	0
54	2	59	1	0
54	3	55	10	1
54	2	55	6	1
54	1	55	12	1
54	4	55	3	1
54	1	66	14	1
54	1	94	2	1
54	3	72	1	1
55	3	66	5	1
55	2	66	3	1
55	1	66	54	1
55	2	74	1	1
55	3	74	7	1
55	1	74	36	1
55	3	83	3	1
55	1	61	18	0
55	1	94	6	1
55	3	59	1	0
55	1	56	1	0
55	1	73	2	0
56	4	95	1	1
56	1	95	1	1
56	1	96	1	0
56	1	58	1	1
56	3	69	2	1
56	1	69	6	1
56	3	59	1	0
56	1	59	10	0
56	1	90	6	0
56	1	57	3	0
56	1	68	2	0
56	1	65	7	0
56	1	88	5	0
56	1	61	5	0
56	1	74	2	0
56	1	83	2	0
56	3	83	9	0
56	3	64	8	1
56	1	64	8	1
56	3	63	4	0
56	1	63	3	0
56	3	60	4	1
56	1	60	3	1
56	1	66	3	0
56	3	66	5	0
56	2	66	1	0
56	1	86	1	0
56	1	80	1	1
56	1	62	7	0
56	1	70	5	1
56	1	78	3	1
56	1	104	1	1
56	1	75	1	0
56	1	67	1	0
56	1	101	2	0
56	1	73	2	0
56	1	82	1	0
56	1	93	1	0
56	1	79	1	0
57	4	90	1	0
57	1	90	2	0
57	1	68	1	0
57	1	65	10	1
57	1	88	1	0
57	1	61	1	0
57	1	74	1	0
57	1	83	4	0
57	1	59	10	1
57	1	64	3	0
57	1	67	1	1
57	1	63	7	1
57	1	71	1	0
57	1	62	1	1
57	1	84	1	1
57	1	58	2	0
57	1	91	1	0
57	1	72	1	0
57	1	86	2	1
57	1	76	1	1
57	1	80	1	0
57	1	77	1	0
57	1	69	1	0
57	1	75	1	1
58	1	95	2	1
58	3	95	1	1
58	3	63	4	0
58	1	63	12	0
58	3	62	4	0
58	1	62	2	0
58	2	62	1	0
58	1	83	6	0
58	1	59	8	0
58	1	71	2	0
58	1	84	2	0
58	1	91	2	1
58	1	65	8	0
58	1	72	2	0
58	1	86	4	0
58	1	64	2	1
58	1	76	2	0
58	1	80	2	1
58	1	77	2	0
58	1	69	2	1
58	3	85	1	1
58	1	96	1	0
59	1	60	15	0
59	3	60	5	0
59	1	63	38	1
59	3	63	112	1
59	2	63	9	1
59	3	65	97	1
59	4	65	2	1
59	1	65	41	1
59	2	65	9	1
59	1	74	2	0
59	3	74	6	0
59	1	61	2	0
59	1	94	1	0
59	3	86	53	1
59	1	86	11	1
59	2	86	3	1
59	2	72	3	0
59	3	72	27	0
59	1	72	4	0
59	3	81	8	1
59	3	69	11	0
59	1	69	11	0
59	2	69	1	0
59	3	64	14	0
59	2	64	3	0
59	1	64	16	0
59	3	70	9	0
59	2	70	1	0
59	1	70	2	0
59	3	62	28	1
59	2	62	3	1
59	1	62	14	1
59	3	84	25	1
59	2	84	3	1
59	1	84	4	1
59	1	83	13	0
59	3	83	1	0
59	1	71	4	0
59	1	91	4	0
59	1	76	4	1
59	1	80	7	0
59	1	77	4	0
59	1	67	4	1
59	3	95	1	0
59	1	95	2	0
59	1	104	1	0
59	1	75	1	1
59	3	66	1	0
59	1	79	1	0
59	1	90	3	0
59	1	68	1	0
59	1	88	2	0
59	1	78	4	0
60	1	86	3	0
60	3	86	2	0
60	1	63	12	0
60	3	63	3	0
60	1	69	8	1
60	2	69	1	1
60	3	69	3	1
60	1	64	7	1
60	3	64	3	1
60	1	80	3	1
60	1	62	25	0
60	3	65	2	0
60	1	65	2	0
60	1	98	3	1
60	1	91	3	1
60	1	92	3	1
60	1	70	6	1
60	1	85	4	1
60	3	85	1	1
60	1	95	1	1
60	1	88	2	0
60	1	78	4	1
60	1	103	1	1
60	1	76	1	0
60	3	83	2	0
61	1	74	21	0
61	1	65	2	0
61	1	94	4	0
61	1	66	22	0
61	1	90	3	1
61	1	68	1	0
61	1	88	1	0
61	1	83	1	0
62	1	95	7	0
62	3	95	1	0
62	1	88	5	0
62	1	98	6	0
62	1	91	7	0
62	1	92	6	0
62	1	70	19	0
62	3	70	1	0
62	1	85	6	0
62	1	69	11	0
62	3	69	1	0
62	1	64	8	0
62	3	64	1	0
62	1	78	1	0
62	2	75	1	1
62	3	75	3	1
62	1	75	3	1
62	2	76	1	1
62	3	76	2	1
62	1	76	1	1
62	3	65	18	1
62	1	65	4	1
62	2	65	6	1
62	4	84	1	1
62	3	84	2	1
62	2	84	1	1
62	1	83	3	0
62	1	63	9	1
62	3	63	16	1
62	2	63	1	1
62	1	71	1	0
62	1	72	1	0
62	3	72	3	0
62	1	86	3	1
62	3	86	9	1
62	1	80	2	0
62	1	77	1	0
62	3	81	2	1
62	2	81	1	1
62	3	104	2	0
62	1	104	3	0
63	1	75	1	1
63	1	83	18	0
63	2	83	1	0
63	3	83	3	0
63	1	71	6	0
63	1	84	6	1
63	3	84	13	1
63	2	84	1	1
63	1	91	6	0
63	1	65	24	1
63	2	65	6	1
63	3	65	43	1
63	1	72	6	0
63	3	72	8	0
63	2	72	1	0
63	1	86	13	1
63	3	86	25	1
63	4	86	2	1
63	2	86	5	1
63	1	64	11	0
63	3	64	9	0
63	1	76	7	1
63	1	80	9	0
63	1	77	6	0
63	1	69	9	0
63	3	69	8	0
63	2	69	1	0
63	3	81	5	1
63	3	70	5	0
63	1	103	1	0
63	1	85	1	0
63	3	74	1	0
63	1	88	2	0
64	1	88	1	0
64	3	69	1	1
64	1	69	2	1
64	4	69	1	1
64	3	103	1	1
64	3	85	2	1
64	1	85	1	1
64	1	86	3	0
64	3	86	2	0
64	1	80	2	1
64	3	83	7	0
64	1	83	3	0
64	2	83	1	0
64	1	71	1	0
64	1	84	1	0
64	3	84	1	0
64	1	91	2	1
64	1	65	14	0
64	3	65	3	0
64	1	72	1	0
64	3	72	1	0
64	1	76	1	0
64	1	77	1	0
64	1	67	2	0
64	4	70	1	1
64	1	70	1	1
64	3	70	3	1
64	2	70	1	1
64	1	98	1	1
64	1	92	1	1
65	1	67	5	1
65	1	74	2	0
65	1	94	1	0
65	3	86	25	1
65	2	86	5	1
65	1	86	8	1
65	2	72	1	0
65	3	72	7	0
65	1	72	4	0
65	3	81	6	1
65	2	81	1	1
65	4	81	1	1
65	3	69	3	0
65	1	69	5	0
65	3	70	3	0
65	3	84	10	1
65	2	84	4	1
65	1	84	4	1
65	4	88	1	0
65	1	90	3	0
65	1	68	1	0
65	1	83	13	0
65	1	78	2	0
65	2	76	1	1
65	1	76	4	1
65	2	75	1	1
65	3	75	1	1
65	1	71	4	0
65	1	91	4	0
65	1	80	4	0
65	1	77	4	0
66	1	74	43	1
66	3	74	3	1
66	2	74	3	1
66	1	94	7	1
66	1	99	1	0
66	1	75	1	0
66	1	73	6	0
66	1	72	1	1
66	2	83	1	1
66	1	68	2	1
68	1	90	3	0
68	1	88	1	1
68	1	74	1	1
68	1	83	1	1
68	1	100	1	0
69	1	104	1	1
69	1	95	1	1
69	3	95	2	1
69	1	70	3	1
69	4	70	1	1
69	3	70	3	1
69	2	70	1	1
69	1	75	1	0
69	3	85	3	1
69	1	85	1	1
69	1	86	3	0
69	3	86	3	0
69	1	80	2	1
69	1	83	3	0
69	1	71	1	0
69	1	84	1	0
69	3	84	1	0
69	1	91	2	1
69	1	72	1	0
69	3	72	1	0
69	1	76	1	0
69	1	77	1	0
69	3	103	1	1
69	1	98	1	1
69	1	92	1	1
69	1	78	2	1
70	1	78	1	1
70	1	88	1	0
70	1	104	2	1
70	3	104	1	1
70	1	95	2	1
70	2	95	1	1
70	3	95	4	1
70	1	75	2	0
70	3	85	2	1
70	1	85	2	1
70	1	98	2	1
70	1	91	2	1
70	1	92	2	1
70	3	86	2	0
70	3	72	1	0
70	3	84	1	0
71	1	83	3	0
71	1	84	1	0
71	1	91	1	0
71	1	72	1	0
71	1	86	2	0
71	1	76	1	0
71	1	80	1	0
71	1	77	1	1
72	1	83	3	1
72	1	84	1	0
72	3	84	3	0
72	1	91	1	0
72	1	86	2	0
72	2	86	1	0
72	3	86	3	0
72	1	76	1	0
72	1	80	1	0
72	1	77	1	0
72	1	74	1	1
72	3	74	1	1
73	4	101	1	1
73	1	101	3	1
73	2	101	1	1
73	4	82	1	1
73	2	82	1	1
73	1	82	1	1
73	1	93	1	1
73	4	93	1	1
73	1	79	1	1
73	4	79	1	1
73	3	87	1	1
73	2	100	1	1
74	1	94	7	1
74	1	89	1	1
74	1	82	1	0
74	3	83	1	1
74	4	83	1	1
74	1	90	3	0
74	1	88	1	1
75	1	99	1	0
75	3	76	2	1
75	1	104	1	0
75	1	95	1	0
76	1	83	3	0
76	1	84	1	1
76	1	91	1	0
76	1	86	2	1
76	1	80	1	0
76	1	77	1	0
76	1	103	1	0
76	1	85	1	0
77	1	83	3	0
77	1	84	1	0
77	1	91	1	0
77	1	86	2	0
77	1	80	1	0
78	1	88	1	0
79	4	93	1	1
79	1	101	2	1
79	1	82	1	1
80	1	86	3	0
80	1	83	3	0
80	1	84	1	0
80	1	91	1	1
81	3	86	4	1
81	3	84	1	1
81	2	84	1	1
82	4	101	2	1
82	1	101	1	1
82	1	97	1	1
82	3	100	1	1
82	1	93	1	1
83	1	84	3	0
83	1	91	3	0
83	1	86	6	0
83	1	90	3	0
83	1	88	1	1
84	1	91	1	0
84	1	86	2	1
84	3	86	9	1
85	4	103	1	1
85	2	103	1	1
85	3	103	1	1
85	3	95	6	1
85	2	95	1	1
85	1	98	1	1
85	1	91	1	1
85	1	92	1	1
85	3	104	2	1
86	1	91	2	0
88	1	90	3	0
88	1	95	1	0
91	4	98	1	1
91	1	92	1	1
92	1	98	1	1
93	1	101	2	1
95	1	96	1	0
95	1	104	1	1
95	3	104	3	1
95	3	103	1	1
97	1	101	1	1
100	3	101	1	1
