100000	101083
100001	100085
100001	102031
100002	102397
100002	102935
100002	102963
100002	103330
100004	100711
100004	100890
100006	102306
100008	102224
100012	102557
100012	102621
100014	102368
100015	100320
100015	100858
100017	100005
100017	100803
100018	102465
100019	102274
100021	102377
100021	103215
100021	100719
100021	101696
100024	102865
100024	100164
100029	102989
100029	101802
100035	102416
100035	100810
100037	101084
100039	102873
100039	101276
100043	102516
100046	101481
100048	100367
100049	102723
100052	100320
100053	103004
100053	101437
100055	101623
100056	103329
100056	102026
100057	102541
100060	102464
100061	102873
100061	100472
100061	102183
100063	101285
100066	102839
100066	103078
100066	100133
100067	102454
100067	100187
100067	100746
100067	101268
100067	101376
100067	101962
100071	102014
100072	102904
100073	102836
100075	100150
100076	101173
100077	100970
100079	102904
100079	103239
100079	102220
100080	102713
100080	103282
100080	100219
100080	100886
100080	101387
100080	101631
100080	101747
100080	102212
100082	102965
100083	102434
100083	100504
100083	101016
100083	101781
100085	102040
100086	103032
100086	101677
100086	102045
100088	103332
100088	100917
100088	101412
100091	102365
100091	103232
100091	103348
100092	101437
100093	102441
100093	101350
100093	101800
100096	101002
100098	103011
100098	100749
100103	103294
100103	101236
100103	101391
100109	100981
100112	102307
100112	102974
100112	101403
100114	101106
100116	101398
100124	102874
100124	102928
100124	103305
100124	101106
100128	102654
100128	100352
100128	101585
100129	100953
100131	102880
100131	102137
100134	101685
100138	100934
100138	102056
100139	100086
100139	101677
100139	102045
100141	100202
100141	100840
100141	101279
100143	102485
100143	101035
100144	103109
100147	103143
100147	103261
100147	100610
100147	101045
100147	101398
100148	101518
100149	100966
100150	103248
100153	102454
100153	102949
100153	100171
100154	102660
100155	103025
100155	103107
100155	100283
100155	100627
100156	102536
100158	103140
100160	100123
100164	102640
100164	101285
100164	101703
100166	101299
100167	101350
100168	103004
100168	101782
100168	102026
100170	102817
100171	103072
100171	100133
100171	102084
100173	102417
100173	100272
100175	102515
100179	100363
100179	101034
100183	103048
100184	102427
100184	101549
100187	102894
100187	101430
100189	102357
100189	101725
100191	100184
100195	102456
100195	103058
100195	100878
100196	101957
100199	100419
100204	100633
100208	101317
100209	100030
100209	100433
100210	102516
100210	102904
100211	102894
100211	100196
100211	101957
100214	102655
100214	100012
100214	101158
100214	101345
100214	101391
100214	101614
100215	100449
100215	101724
100215	102211
100216	102562
100216	103077
100218	102386
100218	102925
100219	102316
100219	102479
100219	102897
100219	103284
100219	101055
100219	102167
100220	101919
100223	101944
100224	101951
100227	103150
100227	100338
100228	103131
100228	101284
100228	101332
100228	102026
100229	101921
100230	101100
100233	102365
100233	102724
100233	102758
100233	101167
100235	100344
100235	100353
100236	100952
100237	102904
100238	102445
100238	102877
100238	101584
100240	103162
100241	103277
100242	100845
100245	102676
100248	102913
100252	100385
100252	100953
100253	103058
100254	100137
100256	103274
100257	100981
100257	101804
100257	102114
100263	103211
100263	100277
100263	100498
100267	102329
100267	102894
100267	101957
100267	102001
100268	100565
100268	101565
100269	101770
100269	102151
100271	103335
100272	102417
100272	102434
100272	103200
100273	101665
100274	100367
100275	102549
100275	102617
100275	102669
100275	103058
100277	102479
100277	102897
100277	102167
100283	103025
100283	103107
100283	103188
100283	100335
100283	100627
100287	103128
100288	100046
100289	102574
100289	101355
100291	102950
100291	100627
100291	101158
100291	101345
100292	100354
100292	101802
100293	101787
100294	103081
100295	102581
100295	102642
100295	103081
100295	103233
100295	100942
100297	102536
100297	102766
100298	102378
100298	102993
100298	103058
100298	100865
100298	101462
100299	100825
100301	102974
100302	100876
100303	103109
100305	103248
100305	100871
100307	102759
100307	100354
100308	101952
100308	102026
100308	102232
100309	102499
100309	102871
100309	101096
100309	101412
100309	101450
100309	102191
100310	100651
100311	102568
100311	103238
100313	101673
100314	102817
100314	103010
100316	100207
100317	101538
100318	100065
100319	103237
100322	102701
100322	102863
100322	100561
100322	100693
100322	101725
100323	102463
100323	102991
100323	103143
100323	100443
100326	100067
100326	100201
100326	101376
100327	100970
100329	101942
100331	103296
100334	100354
100335	102821
100335	100627
100340	102534
100340	102651
100340	102774
100340	101804
100341	102485
100345	100553
100354	102483
100354	102904
100354	101802
100354	102220
100356	101564
100358	103248
100358	100583
100359	103223
100360	102782
100360	102912
100360	100521
100360	101975
100360	101995
100361	103194
100361	103275
100361	100524
100362	103056
100363	101361
100364	102880
100366	101163
100367	100658
100367	101462
100368	102026
100369	101253
100370	102128
100372	101408
100372	101565
100374	103315
100374	100338
100375	102406
100376	100518
100376	101261
100378	100259
100381	102418
100381	102817
100381	102897
100381	100135
100381	100814
100381	101049
100381	102128
100383	102883
100384	103101
100386	101746
100387	102434
100389	100030
100389	102131
100390	100320
100390	100609
100393	100028
100393	100124
100395	100047
100395	101725
100396	102027
100396	102247
100407	102465
100408	101817
100410	102331
100410	102553
100411	103179
100411	100514
100411	100871
100412	102418
100412	102491
100412	102894
100412	100201
100412	100326
100413	100595
100415	103148
100415	101034
100415	102137
100417	100986
100419	103298
100419	101210
100420	100067
100421	102899
100424	103282
100424	101631
100425	102100
100426	102322
100426	102427
100426	102977
100429	102873
100429	100472
100429	100496
100429	101407
100430	102578
100430	102669
100430	100228
100430	100308
100431	102659
100432	100627
100432	100727
100433	102378
100434	101055
100435	103206
100435	100728
100438	101725
100439	100504
100440	102787
100440	100095
100440	101638
100443	102463
100443	103231
100444	101306
100445	102588
100445	103326
100446	103107
100447	103293
100449	100320
100449	100650
100449	101701
100454	100631
100454	101034
100455	101099
100455	101701
100456	100175
100458	103162
100458	100274
100458	102184
100459	100740
100460	102546
100464	103161
100467	102979
100470	100803
100471	101861
100475	100135
100475	100572
100475	101367
100475	101413
100476	102364
100477	100561
100478	103206
100478	100651
100478	101880
100482	102946
100482	101758
100484	101016
100485	100496
100485	101380
100485	101571
100485	101769
100487	103332
100491	102568
100492	102542
100493	102713
100493	102877
100493	103208
100493	103282
100493	100216
100493	100505
100493	100904
100493	101246
100496	101016
100498	102479
100498	102662
100498	102687
100498	102897
100498	100277
100498	102128
100498	102167
100499	102454
100499	101376
100499	101908
100500	100111
100502	102360
100502	102549
100502	102564
100502	100367
100503	102576
100503	101585
100504	100631
100506	102807
100506	100966
100511	102621
100511	100749
100511	102012
100514	102518
100514	100871
100514	101246
100516	103013
100516	100953
100523	100156
100523	101824
100523	101856
100524	103058
100526	101348
100528	102520
100528	100737
100528	100776
100528	101023
100532	101731
100533	101458
100534	102465
100534	103144
100536	100953
100537	100514
100537	101246
100538	101034
100539	102904
100540	100516
100540	101134
100541	102754
100541	103272
100541	101237
100545	102463
100547	102542
100547	101220
100547	101725
100547	102101
100547	102114
100548	100606
100551	102580
100551	102687
100551	100915
100551	102077
100553	100568
100554	102516
100554	101253
100554	102136
100554	102168
100556	103167
100556	100049
100557	102435
100557	102815
100557	103188
100557	100446
100557	101710
100559	102899
100559	101758
100561	102863
100561	101016
100561	101725
100561	102114
100562	101408
100563	102454
100563	101376
100563	101908
100563	101939
100564	100400
100564	102186
100571	103029
100573	101273
100576	102989
100576	101408
100576	101802
100581	103323
100582	103013
100582	100514
100582	100871
100582	101246
100582	102114
100583	103248
100583	100150
100586	100561
100586	101603
100588	102516
100591	100610
100593	102657
100593	100150
100593	101725
100594	102570
100594	102055
100596	102935
100597	102463
100597	102820
100597	102991
100597	100598
100598	102463
100599	102479
100599	102897
100599	102974
100599	101055
100600	102699
100601	101400
100602	102137
100604	100400
100604	101977
100605	103261
100605	100610
100609	100320
100611	102852
100611	102919
100611	102157
100614	102291
100614	100896
100615	100252
100615	100385
100615	100516
100615	100953
100615	101082
100616	102767
100616	103070
100618	101839
100622	102723
100622	101876
100623	103195
100623	101016
100632	101758
100635	102539
100635	102541
100636	102607
100636	101856
100639	102501
100639	100102
100639	100277
100639	101540
100644	102144
100644	102152
100645	100631
100645	101034
100645	102152
100647	102207
100648	100403
100649	102549
100649	100030
100650	100871
100651	102638
100651	101099
100651	101701
100652	102877
100653	102223
100655	103238
100655	101933
100657	101779
100660	101549
100662	100769
100663	102723
100664	102880
100668	102317
100673	100651
100673	100676
100673	102133
100677	103128
100677	101034
100677	101100
100677	101728
100679	103087
100681	102857
100681	103303
100681	101602
100681	102171
100683	100712
100686	100680
100688	102817
100688	102897
100688	103010
100688	101049
100688	101096
100688	102128
100694	101210
100694	101215
100695	102991
100696	101746
100698	100854
100700	102904
100703	102454
100703	101376
100703	101908
100706	102222
100708	100190
100708	101569
100709	100132
100715	103222
100715	101641
100715	102035
100715	102084
100715	102167
100717	102653
100720	102541
100721	103030
100724	102815
100724	103188
100724	100446
100724	100557
100726	100844
100727	103107
100728	103206
100728	100651
100736	102920
100736	101016
100746	102418
100746	102491
100746	102495
100746	102894
100746	101184
100746	101430
100746	102018
100746	102167
100747	100411
100749	101856
100749	102012
100751	102949
100754	100020
100757	102763
100762	102729
100762	101602
100766	101117
100766	101126
100767	102435
100767	103162
100767	100030
100769	101437
100770	102585
100770	102833
100773	102359
100773	102863
100773	100008
100773	100561
100773	101725
100774	101455
100780	102461
100780	100970
100781	102589
100781	100225
100782	100476
100784	102456
100784	100536
100786	100369
100786	101220
100786	102101
100786	102114
100788	102479
100788	103284
100788	100222
100788	100277
100788	101096
100788	102167
100792	100511
100792	101345
100796	101117
100796	101716
100796	101725
100798	101802
100800	102534
100803	100005
100807	103081
100813	101748
100814	102499
100814	103332
100814	100277
100814	101135
100814	101168
100814	101863
100815	100521
100817	103088
100817	103270
100817	100201
100817	102167
100818	100819
100820	102723
100820	101026
100821	102863
100821	101725
100821	101885
100823	102850
100825	100981
100826	102929
100827	101332
100831	100252
100832	103013
100834	102908
100834	103011
100834	100445
100834	101224
100837	101266
100838	103229
100843	101253
100844	102378
100844	102516
100845	103058
100845	100367
100845	101955
100846	102308
100846	100252
100847	102904
100848	100498
100848	100814
100848	102167
100849	100513
100851	100427
100853	102171
100854	100698
100859	101496
100860	100598
100861	102380
100863	102423
100863	102920
100863	103004
100863	100317
100863	101016
100867	102514
100867	100217
100867	101748
100870	100719
100870	102238
100871	100693
100876	103010
100876	103058
100876	103275
100876	101049
100876	101370
100876	102128
100881	102486
100883	102365
100883	102501
100883	102758
100883	100102
100884	101760
100886	102562
100886	103282
100892	102982
100892	100098
100893	102660
100896	102118
100896	102137
100897	100021
100897	101662
100897	101696
100897	101728
100901	100496
100903	103007
100903	103095
100903	103322
100904	102340
100905	100032
100906	102463
100906	102991
100906	100147
100906	100323
100906	100443
100906	100598
100908	102465
100908	102539
100910	102674
100910	100102
100910	101546
100910	101805
100910	101973
100911	102843
100913	103210
100913	100581
100913	101856
100915	102662
100917	102613
100926	101994
100931	100711
100932	102548
100934	101191
100936	102518
100936	102783
100936	102853
100936	100646
100937	102336
100938	102617
100939	103028
100940	103274
100941	103112
100944	100329
100948	100029
100948	101802
100949	103058
100949	101955
100950	102873
100950	100496
100954	101494
100954	101745
100954	102263
100956	101217
100959	102651
100961	100046
100961	100288
100961	101481
100961	102230
100963	100572
100963	101063
100963	101413
100964	102551
100964	103107
100964	100620
100964	100627
100966	100730
100968	102655
100971	102425
100972	102465
100972	102539
100976	101185
100980	102497
100980	103161
100980	101599
100983	103207
100983	100561
100983	101461
100983	101725
100984	103297
100987	100330
100989	100046
100991	103107
100991	101027
100991	101370
100992	102465
100994	102335
100994	100810
100996	100443
100999	101332
101001	102520
101001	103348
101001	100053
101001	100615
101001	102234
101004	100880
101005	100496
101008	100598
101008	100871
101008	101746
101009	102525
101009	103081
101009	103340
101009	102151
101023	101252
101023	101886
101027	103025
101027	100155
101027	100627
101027	100727
101027	100876
101029	100323
101029	100443
101029	100906
101029	101645
101030	102643
101038	102845
101047	102583
101047	103240
101047	103263
101049	102915
101049	103010
101049	101055
101049	102128
101050	102711
101050	103297
101050	101123
101050	101643
101056	101398
101059	102979
101059	101100
101060	101308
101060	101786
101061	102198
101062	103253
101063	102446
101063	101515
101064	100769
101066	102588
101068	100262
101068	100438
101068	101117
101071	100201
101071	100604
101073	100288
101074	102562
101074	102993
101074	103077
101074	103282
101074	101643
101075	101616
101082	102716
101082	103200
101082	102114
101083	102403
101083	100050
101084	102294
101085	100734
101086	102617
101091	102397
101091	102646
101091	101310
101092	103089
101095	101155
101095	101786
101096	102479
101096	102897
101096	103284
101096	100277
101096	101055
101097	100434
101097	101055
101099	102919
101100	101034
101106	101135
101107	102601
101107	103358
101107	100365
101107	100878
101111	100026
101114	102908
101114	103011
101114	101224
101117	101716
101117	101725
101118	102873
101118	100496
101118	101535
101119	103329
101119	103335
101120	103147
101126	100952
101127	102676
101127	102990
101131	100852
101132	103278
101133	103248
101136	101673
101137	100627
101137	101968
101140	100298
101144	102889
101145	101549
101146	102723
101146	101408
101146	102227
101147	101158
101147	101345
101148	102515
101149	103050
101153	103058
101154	103039
101154	103094
101155	102578
101155	100011
101157	102067
101158	102378
101158	102822
101158	100865
101159	102763
101159	101861
101160	102497
101160	100980
101161	102904
101161	100354
101161	102220
101162	100911
101164	102659
101166	103195
101166	100623
101166	101023
101167	102724
101168	103077
101168	103332
101173	101475
101174	102435
101175	100395
101180	100699
101184	102418
101184	102894
101184	101957
101184	102167
101187	100008
101191	102904
101191	100663
101191	102227
101192	102824
101195	102763
101197	102863
101197	101275
101197	101725
101198	101527
101202	103058
101202	103355
101202	101034
101204	102417
101204	101499
101210	102621
101210	103298
101211	101042
101211	101103
101212	100483
101216	102979
101222	102660
101222	102857
101222	103355
101224	102610
101224	103011
101231	100239
101231	101725
101233	103023
101234	102497
101234	100980
101234	101599
101237	100651
101239	100124
101239	100393
101239	100958
101243	100572
101243	101413
101243	101938
101245	102948
101246	100871
101247	100150
101247	102238
101247	102263
101248	102294
101251	102912
101251	103304
101251	101910
101251	101975
101251	102129
101252	102967
101253	103195
101255	102562
101255	102897
101255	102993
101255	103282
101255	103284
101255	100277
101258	102873
101258	100496
101259	101732
101260	102518
101260	102853
101261	102660
101261	101475
101263	101095
101263	101786
101265	100598
101265	100615
101268	100206
101268	101376
101268	101939
101269	103130
101272	102897
101272	102913
101274	100749
101275	101979
101276	102873
101279	100202
101279	101470
101280	102378
101280	102982
101281	100306
101284	103303
101284	101332
101286	100845
101291	103239
101291	100567
101293	101803
101295	100981
101296	102786
101296	102981
101297	103278
101297	100413
101301	102487
101301	103058
101301	101016
101301	101325
101303	100405
101304	100646
101306	100787
101306	100912
101308	102602
101308	101787
101309	102462
101313	100581
101314	100952
101314	101620
101315	102533
101318	101800
101319	102645
101320	102463
101320	102937
101320	101029
101320	101925
101320	102234
101321	102559
101321	102724
101321	101167
101322	102365
101322	103152
101322	103232
101324	101301
101326	101731
101328	100369
101328	101995
101332	101222
101332	102171
101333	103231
101340	101540
101342	102746
101345	102427
101345	102557
101345	102076
101346	101602
101346	102171
101347	101142
101349	100262
101349	100438
101350	102441
101350	101800
101351	103077
101351	101255
101355	102365
101357	102676
101357	102928
101357	100952
101357	101130
101358	102549
101358	102868
101358	102094
101359	103107
101359	103232
101359	100155
101359	100627
101359	100727
101365	103239
101365	100079
101365	101103
101365	101155
101367	101063
101367	101413
101368	102993
101380	102462
101380	100030
101384	102434
101384	103195
101384	100150
101384	100262
101384	100438
101384	101253
101384	101349
101384	101494
101384	101723
101384	101725
101384	102008
101384	102263
101386	102462
101386	101236
101387	102993
101387	103077
101387	103282
101388	103093
101388	100365
101388	100496
101388	100721
101388	101365
101389	100572
101389	101413
101390	102423
101390	102645
101390	103260
101390	102232
101392	102726
101392	102094
101398	100320
101399	101413
101400	102438
101403	103101
101403	103284
101403	101055
101403	101802
101403	102167
101404	102902
101404	101332
101404	101859
101405	102451
101405	103143
101405	101350
101405	101800
101405	102217
101406	100637
101407	102873
101407	100496
101408	103190
101408	101481
101412	103332
101416	100234
101416	100279
101416	100842
101416	102100
101417	101988
101418	102251
101420	100731
101421	103229
101421	101173
101422	100600
101424	100183
101424	100496
101424	102047
101424	102270
101433	102811
101434	100008
101443	100576
101443	101802
101444	103006
101445	102525
101445	102642
101445	103081
101445	100771
101445	100932
101446	102492
101448	100085
101448	100232
101450	102871
101450	100277
101450	101096
101451	102365
101451	102489
101451	102758
101451	102859
101454	100956
101454	101298
101458	102427
101460	103210
101460	100913
101460	101445
101460	102182
101461	100561
101463	102578
101466	100279
101468	102385
101469	102528
101472	101468
101475	102238
101476	102874
101476	102005
101478	102812
101478	100190
101479	102109
101482	103248
101482	102027
101482	102114
101483	100053
101484	100164
101484	101285
101484	101655
101485	100559
101486	102499
101486	103077
101486	101412
101486	102191
101487	102899
101489	100550
101489	101824
101490	102880
101491	100338
101492	101253
101493	102815
101493	102889
101494	100150
101494	100320
101499	100561
101500	100680
101500	100686
101501	102323
101505	102949
101505	100201
101505	100876
101505	101370
101507	102655
101508	102419
101508	102435
101508	102815
101508	103335
101508	100502
101508	100518
101509	102465
101509	100469
101510	102868
101511	101425
101515	101374
101518	102475
101518	101408
101518	101565
101519	100288
101519	101085
101519	101732
101520	103104
101520	103107
101520	100588
101520	101345
101520	101386
101520	101597
101520	101769
101522	102321
101522	100713
101522	102035
101523	102459
101523	102562
101523	102721
101523	103077
101523	103282
101523	101168
101523	101368
101524	100568
101526	101777
101530	102833
101530	101856
101531	100986
101534	103222
101534	100020
101534	101641
101534	102167
101535	102813
101535	102873
101535	100496
101535	100845
101535	101153
101536	102359
101536	102463
101536	102596
101536	102782
101536	102811
101536	102820
101536	102991
101536	103034
101536	103260
101536	100598
101536	100953
101536	101576
101540	101168
101541	102566
101541	102651
101541	100340
101541	101426
101546	100102
101547	102463
101551	103244
101554	101786
101554	101952
101555	102602
101557	100042
101558	103284
101558	100263
101558	101545
101560	102489
101560	101076
101563	102365
101563	103284
101563	102227
101565	103190
101566	100755
101566	102059
101567	103281
101571	102451
101571	102549
101571	100030
101571	100496
101571	101118
101571	102046
101574	103296
101577	100420
101577	102049
101584	102445
101584	102877
101586	102644
101586	101309
101586	101787
101589	102407
101589	100005
101589	101382
101591	101016
101596	100610
101596	101704
101597	102458
101598	102463
101598	100009
101602	102729
101602	103195
101602	100952
101604	103025
101604	100155
101604	100627
101604	100727
101604	100876
101604	100991
101604	101027
101605	101272
101607	100609
101607	101494
101608	102945
101610	103072
101612	102525
101612	102607
101612	102617
101612	100636
101612	102182
101613	100609
101617	101016
101618	101731
101619	102434
101619	102516
101619	100901
101622	100935
101622	101770
101623	100055
101627	102674
101627	102899
101627	100102
101627	100514
101627	100582
101627	100871
101627	101016
101627	101023
101627	101588
101627	101805
101628	101951
101629	102701
101629	100561
101630	101870
101631	103282
101632	103108
101632	101091
101635	102451
101635	102970
101635	103260
101638	102787
101638	102833
101640	101401
101641	102167
101642	102346
101642	103034
101642	101951
101644	102970
101644	103143
101644	103361
101644	100323
101644	101191
101644	102029
101644	102162
101646	100274
101646	100367
101648	102685
101648	101310
101651	102418
101651	101430
101651	101957
101651	102167
101652	103032
101652	100133
101655	102640
101655	100568
101655	100928
101657	100320
101658	100568
101658	100928
101661	102479
101661	102897
101661	103100
101661	103284
101661	100277
101661	101055
101661	101096
101661	102167
101662	103285
101664	101034
101667	102844
101670	100712
101671	102873
101672	102820
101672	100598
101675	102396
101675	102445
101675	103298
101676	100147
101676	100220
101676	101880
101676	102169
101677	103032
101679	101325
101680	101180
101683	102134
101684	102651
101687	100544
101691	101064
101691	101800
101692	103183
101693	101130
101696	101362
101697	102705
101697	103222
101697	100020
101697	100190
101697	101534
101697	102167
101699	102585
101699	100770
101701	100150
101701	100610
101701	100719
101701	101099
101703	102407
101703	100928
101705	102026
101706	102465
101710	101370
101711	101723
101712	101689
101720	102522
101720	102617
101720	101673
101722	103240
101722	103263
101722	103277
101722	100711
101726	100320
101728	101034
101728	101664
101730	102485
101730	102820
101730	100597
101730	101925
101731	102357
101731	102463
101731	102899
101731	101588
101731	101758
101732	100699
101733	100102
101736	100208
101738	103107
101738	100283
101739	101640
101744	100439
101744	101155
101745	101494
101745	102263
101747	103227
101747	100064
101751	102536
101751	102766
101751	100749
101752	100514
101755	101183
101756	102501
101756	100102
101756	101703
101757	101758
101759	100338
101763	101597
101769	102489
101769	102660
101779	100132
101779	100709
101780	100454
101782	101309
101783	101167
101783	101856
101785	102820
101785	102852
101785	101518
101786	101636
101786	101952
101787	103329
101787	103335
101791	102863
101791	103034
101794	102539
101794	100908
101796	102758
101796	102930
101796	103232
101797	101852
101799	102518
101804	101597
101805	100102
101805	100639
101806	102598
101806	103294
101807	100124
101809	100558
101809	101800
101811	102015
101812	102518
101812	103034
101812	103361
101812	100005
101812	100521
101812	101989
101817	101055
101819	101673
101821	102753
101821	103010
101821	103194
101821	103240
101821	103275
101821	100277
101821	101049
101824	102906
101826	100254
101827	100282
101829	102677
101829	102687
101829	102873
101829	100270
101829	102128
101830	101758
101835	100915
101836	102220
101838	102338
101838	102435
101838	100446
101838	100472
101843	102610
101843	103196
101846	102407
101846	100027
101846	100843
101846	101886
101847	102499
101847	103101
101847	101096
101847	101403
101847	101450
101848	102894
101848	100187
101850	102331
101850	100262
101850	101285
101850	101898
101851	102365
101851	102758
101851	101451
101851	101562
101852	102693
101852	100114
101852	100183
101852	101667
101854	103095
101854	100251
101860	102316
101863	103115
101863	103332
101863	101135
101866	102365
101866	100217
101867	102894
101867	101939
101868	100615
101868	102234
101870	100320
101870	100609
101870	100610
101870	101398
101874	102445
101874	102877
101874	100004
101874	101998
101875	103344
101876	102568
101881	100757
101883	102895
101884	102827
101884	101800
101886	102407
101886	103195
101886	103215
101887	102729
101887	101602
101887	101662
101889	101813
101890	100610
101890	100860
101891	101135
101892	100115
101894	100562
101894	101408
101895	100511
101895	100749
101895	100966
101895	101856
101901	102873
101901	101118
101901	101276
101901	102091
101903	100351
101903	100526
101907	101202
101908	102454
101908	100067
101908	101376
101910	100020
101911	102873
101911	100496
101911	101118
101911	101535
101912	102852
101914	100698
101914	100879
101916	102676
101916	100124
101916	100444
101916	101825
101918	101870
101920	102232
101922	102617
101922	102012
101924	100085
101924	101380
101924	102031
101925	102463
101925	102485
101925	102782
101925	102820
101925	103034
101925	100598
101931	100061
101931	101365
101931	101407
101933	102831
101933	100655
101937	100423
101937	101534
101938	102894
101939	102491
101939	102894
101939	100206
101941	102904
101941	101288
101943	100718
101945	102465
101947	102566
101947	103084
101947	100244
101951	102438
101951	103329
101951	100207
101952	102026
101952	102232
101954	100912
101955	103058
101959	100053
101960	101400
101961	103034
101962	102894
101962	103286
101962	100267
101962	101957
101962	102018
101963	101408
101963	101518
101964	102179
101969	103201
101971	102214
101972	102961
101973	102758
101973	102805
101973	100219
101973	100400
101973	101387
101973	102186
101989	102827
101989	103034
101989	100598
101989	101437
101990	100191
101993	101284
101994	102559
101997	100047
101998	102445
101998	102877
102000	102476
102000	100442
102001	102944
102001	101113
102002	103299
102002	101408
102009	100912
102009	101897
102011	101941
102014	103277
102015	103085
102015	101618
102016	102684
102017	102427
102018	102418
102018	102894
102018	101430
102018	101938
102019	102673
102021	100085
102021	100232
102022	102993
102022	103077
102022	103282
102023	101016
102024	102499
102024	103332
102027	101846
102028	100400
102029	102485
102029	102673
102029	103143
102029	100323
102031	102970
102031	100085
102032	101095
102032	101308
102032	101786
102034	102306
102034	102463
102035	102321
102035	103072
102037	101588
102037	101716
102038	103248
102038	103261
102038	100116
102038	100320
102038	100390
102038	100605
102038	100610
102038	101494
102038	101607
102038	101745
102039	102878
102039	100945
102043	102441
102043	100561
102043	102173
102045	102562
102045	103077
102045	103282
102046	102822
102046	103058
102046	101106
102046	101955
102047	101106
102049	102949
102049	100067
102049	101376
102050	103017
102051	103315
102051	100338
102055	100114
102055	100827
102055	101135
102058	100465
102059	100755
102059	100977
102059	101566
102063	103184
102066	102425
102066	101519
102067	101380
102069	102536
102069	103089
102069	103323
102070	102967
102076	102557
102076	102621
102077	102580
102077	101055
102079	100558
102082	103090
102083	102204
102084	103072
102085	102782
102087	101880
102088	102937
102088	101870
102090	101117
102092	102805
102095	102776
102097	102463
102097	100320
102098	100514
102098	101696
102099	100020
102104	100690
102105	101117
102105	101725
102105	102101
102110	100640
102111	102656
102114	101725
102114	102101
102116	100049
102116	101049
102116	102128
102117	102435
102117	103084
102117	103150
102117	100415
102117	100502
102117	100557
102117	100724
102117	101710
102118	100602
102118	102223
102120	102518
102120	102612
102120	103017
102120	103162
102120	100240
102120	101355
102120	102249
102122	103184
102124	102536
102124	102766
102124	103089
102124	103340
102124	102069
102127	102559
102127	101981
102129	103304
102129	101113
102129	101975
102130	102363
102130	100458
102130	100496
102130	100714
102131	100030
102132	101496
102134	100205
102135	102355
102135	100514
102135	100756
102136	103025
102136	103332
102136	101158
102136	101345
102138	100844
102138	101191
102139	101494
102139	102263
102140	102418
102140	102491
102140	102894
102140	101184
102141	101913
102143	102520
102144	103240
102144	101582
102145	100937
102151	102525
102151	103081
102151	103340
102151	101445
102152	101034
102152	101317
102154	100354
102154	101802
102157	102445
102157	102852
102157	100325
102157	101452
102157	101470
102157	101513
102157	101584
102159	102763
102159	102978
102159	100183
102159	101106
102165	100565
102166	100946
102166	101787
102167	102499
102167	103332
102168	102540
102168	102701
102168	102899
102168	100093
102168	100843
102168	101253
102168	101588
102169	103206
102169	100150
102169	100651
102169	101657
102169	101725
102170	102465
102171	103303
102173	102441
102173	102970
102174	101816
102175	101210
102178	100890
102179	102935
102179	103109
102181	102826
102182	102642
102182	102012
102184	103162
102185	102871
102185	102897
102185	100688
102185	101055
102185	101096
102185	101450
102187	102301
102189	100417
102189	100953
102191	102499
102191	102871
102191	103332
102191	101096
102191	101412
102191	101450
102192	102564
102192	100030
102192	100209
102192	100274
102192	100472
102192	102218
102194	103248
102194	103261
102194	100320
102194	100605
102194	100610
102194	100651
102194	101099
102194	101275
102194	101701
102196	102342
102196	101262
102202	102321
102203	102516
102204	100514
102205	100124
102206	101078
102208	102904
102208	100072
102208	101841
102209	102435
102209	102497
102209	103093
102209	100354
102212	103282
102212	100219
102212	101387
102212	101631
102213	103352
102213	102277
102216	102362
102216	102989
102216	101802
102217	102451
102217	102874
102217	103143
102217	100803
102217	101800
102218	100209
102220	102904
102220	103281
102221	102874
102221	101047
102221	101314
102221	101620
102226	100296
102229	100518
102231	100320
102232	102346
102232	103329
102232	101951
102233	103270
102234	102417
102234	100615
102234	101082
102237	100201
102254	103143
102255	102557
102256	102631
102256	100150
102256	100772
102256	100825
102258	102610
102258	103011
102258	101639
102263	100150
102263	101494
102264	102904
102264	100298
102265	103238
102270	102598
102270	103294
102270	101027
102270	101391
102270	102047
102271	102873
102271	101118
102271	101155
102271	101276
102273	102655
102274	101758
102275	101332
102276	102847
102276	103112
102277	101462
102281	100434
102290	102944
102290	100190
102290	101113
102290	102001
102293	102916
102293	100494
102297	101055
102297	101900
102300	101336
102301	102772
102301	102868
102301	103196
102310	103309
102313	100646
102313	100871
102313	101325
102314	102673
102314	100871
102314	101325
102316	101055
102317	102827
102320	102416
102320	100035
102320	100514
102320	100871
102321	102894
102323	102761
102325	102820
102325	100598
102327	103314
102329	101113
102330	102787
102330	101638
102332	100338
102332	101759
102334	100320
102334	100693
102337	100749
102339	100871
102342	101549
102343	102857
102343	101222
102344	101103
102346	103131
102346	103329
102355	100706
102355	100756
102359	100008
102360	103058
102360	100642
102361	102464
102363	101338
102365	103183
102368	100998
102368	101117
102370	102346
102370	103131
102370	103329
102379	102499
102379	103332
102384	102827
102386	100206
102386	101939
102389	102489
102389	100123
102390	102012
102396	102373
102398	103210
102398	101945
102399	100952
102399	101016
102401	102807
102407	103195
102407	100027
102407	101253
102407	101725
102407	101886
102411	102735
102411	102775
102415	102167
102416	100810
102417	102441
102417	102768
102417	100860
102417	101350
102418	102894
102418	101430
102423	103131
102426	100046
102427	101549
102434	100243
102434	100803
102441	100005
102441	100803
102442	102365
102442	102724
102442	102758
102442	102859
102442	102930
102442	103232
102442	103242
102442	101796
102444	102701
102444	102863
102444	101166
102444	101725
102446	101515
102449	101945
102453	102858
102454	101376
102459	102186
102461	100046
102466	101016
102470	102776
102471	102354
102472	102501
102472	102758
102472	103232
102472	100102
102472	100639
102473	102025
102475	103190
102475	101565
102476	100442
102476	102012
102477	100156
102477	100523
102477	100985
102478	102629
102479	102897
102483	100878
102485	101035
102485	101576
102489	101076
102491	102894
102492	102531
102493	100281
102494	102445
102494	102157
102495	102491
102495	102894
102497	102365
102499	103332
102501	102407
102501	100102
102501	101703
102504	101047
102507	102329
102507	102894
102507	100206
102507	100267
102507	101962
102510	101796
102512	102822
102513	100565
102513	101414
102513	101509
102516	102464
102516	102852
102516	103017
102517	102418
102517	102894
102517	102926
102517	101430
102517	101938
102517	102018
102518	100646
102520	102782
102521	101034
102522	102991
102526	102344
102526	101019
102526	101211
102532	102824
102534	102458
102534	102486
102534	102829
102534	103260
102534	101597
102534	101804
102537	102778
102539	102465
102540	102701
102540	101117
102540	101253
102542	102407
102542	100514
102542	101725
102542	101846
102542	101886
102543	103004
102549	100030
102550	103355
102550	101361
102552	101856
102555	103332
102556	102299
102558	102337
102558	100749
102562	103077
102563	102630
102563	103323
102564	101034
102566	102822
102567	102018
102568	101481
102569	102291
102569	102646
102569	103354
102569	100002
102569	101632
102570	102815
102571	102357
102571	103292
102574	101191
102576	102536
102576	103089
102577	101614
102578	102873
102578	101441
102580	102077
102584	102365
102584	102758
102584	103152
102584	103232
102584	101322
102584	101796
102588	102964
102588	103326
102591	102899
102591	101800
102592	102640
102594	100437
102596	102441
102596	103143
102596	100186
102596	100803
102598	102551
102602	102811
102602	101636
102603	102827
102603	101437
102604	102458
102604	101597
102609	100871
102610	103058
102610	101804
102611	102406
102613	102911
102613	102243
102621	102557
102622	101643
102626	102305
102626	101437
102628	100627
102629	102478
102629	102977
102631	100981
102634	100956
102642	100331
102644	101582
102648	103131
102648	103335
102648	101887
102649	101374
102651	102774
102651	101597
102651	101804
102652	101493
102652	101662
102654	101585
102655	102964
102655	100105
102656	102926
102657	102434
102658	103072
102658	100171
102658	102035
102659	102347
102659	100175
102662	102897
102662	102974
102662	100277
102662	101055
102662	102128
102663	103336
102664	103327
102665	102282
102666	102897
102668	101051
102669	103104
102670	102894
102672	102874
102673	101317
102674	102472
102674	100102
102674	100639
102674	101756
102678	102721
102678	103282
102678	101368
102681	102974
102684	102911
102688	100367
102688	101564
102689	100522
102691	103046
102698	100021
102698	100719
102698	100870
102698	101607
102698	102238
102701	102863
102701	100693
102701	101253
102702	100343
102710	102339
102710	102485
102710	102782
102710	103034
102710	103361
102712	102822
102713	103282
102713	101387
102713	101631
102716	100803
102721	102562
102721	102993
102721	103077
102721	101368
102722	103089
102724	102365
102724	102449
102725	100496
102726	101047
102726	101636
102730	102596
102730	102107
102735	102465
102736	102827
102736	101800
102738	102363
102738	101016
102738	101163
102740	100163
102742	103005
102742	103343
102742	101636
102747	103278
102753	103194
102754	101126
102757	103335
102758	102365
102758	101760
102762	103009
102764	103237
102765	101565
102766	102536
102766	103089
102768	100558
102768	101809
102769	102802
102772	102868
102772	103196
102777	101323
102778	103272
102780	101314
102783	102518
102783	100646
102785	102690
102788	102822
102791	103183
102791	100619
102791	101710
102793	102643
102797	103190
102800	102858
102803	102427
102803	103223
102803	101549
102804	103258
102810	103095
102812	100190
102813	103058
102818	102841
102818	100632
102818	101725
102818	101758
102820	100598
102823	101355
102825	101654
102826	102465
102826	102643
102827	101800
102830	101254
102830	101723
102831	102568
102831	100491
102835	102937
102835	100514
102835	100582
102835	101725
102835	102088
102836	102368
102836	100262
102836	100438
102836	100766
102836	100998
102836	101725
102836	102122
102836	102153
102838	101275
102839	100133
102847	102501
102847	103112
102849	103190
102853	102485
102853	102518
102853	100871
102854	100690
102855	102897
102855	101135
102859	102365
102863	101016
102863	101725
102864	102489
102864	102660
102865	102363
102871	102479
102871	102897
102871	100277
102871	100498
102871	101049
102871	101096
102872	102335
102873	100496
102874	100380
102874	100952
102874	101620
102877	102852
102879	103147
102885	100515
102885	100645
102888	100952
102891	102763
102893	100734
102893	101085
102899	101588
102899	102186
102908	101224
102909	102418
102909	101430
102911	103293
102912	100521
102918	101725
102920	102423
102920	103131
102921	102329
102922	102463
102924	103188
102924	100620
102926	102329
102926	102894
102926	101113
102927	102536
102928	103305
102928	101126
102929	103346
102929	101626
102930	102929
102934	103191
102934	101081
102934	101540
102937	102540
102937	103013
102937	100033
102937	100516
102937	101716
102937	101725
102937	102114
102939	103344
102949	102491
102949	102894
102950	102316
102950	101055
102951	102479
102951	102897
102953	100747
102956	102294
102958	102894
102958	101184
102958	101939
102958	101957
102962	102563
102962	102948
102963	102606
102963	103109
102964	103326
102964	100105
102965	102786
102966	103071
102968	103058
102969	102536
102969	102850
102969	103031
102969	101974
102969	102069
102970	102485
102970	103034
102975	100150
102975	100598
102976	102971
102979	103322
102984	102537
102984	102778
102984	101703
102987	102605
102989	100029
102989	101802
102990	102763
102990	101106
102991	102463
102991	101350
102991	101398
102991	101800
102992	103004
102998	102817
103000	103306
103001	100337
103004	100661
103005	101106
103005	101195
103008	101976
103008	102089
103009	102729
103011	102610
103012	101942
103013	100017
103013	100558
103013	100803
103015	100294
103015	100807
103016	102926
103016	100367
103021	102408
103022	101106
103023	103319
103027	101945
103028	103194
103029	102952
103030	102612
103031	102536
103034	102782
103034	100005
103034	100224
103034	101951
103037	102422
103048	103026
103049	103103
103052	102874
103053	100029
103054	101767
103057	101099
103059	103207
103059	101886
103062	101602
103069	102591
103069	100559
103071	100293
103071	100917
103071	101267
103076	102463
103076	101117
103076	101716
103076	101725
103080	103058
103080	101955
103085	100320
103085	102200
103088	102167
103089	103334
103094	102445
103094	100046
103095	103322
103101	102428
103101	101055
103104	101689
103104	101889
103104	101955
103105	102295
103111	101125
103115	103109
103116	102434
103117	102956
103120	103058
103120	103080
103120	101710
103120	101955
103121	100367
103121	101202
103124	101533
103125	102904
103125	100072
103125	101841
103125	102208
103126	102463
103126	102970
103126	100147
103126	100610
103126	101398
103126	102114
103126	102146
103128	102660
103135	103081
103140	102817
103142	100733
103145	103260
103145	100224
103145	100287
103146	102017
103147	102528
103148	103335
103150	100453
103151	102465
103153	101137
103159	100206
103161	102874
103161	100952
103161	101016
103162	102612
103162	103017
103162	102249
103163	100114
103163	101667
103163	102061
103166	102559
103170	100351
103170	100986
103179	102465
103181	103200
103181	100953
103184	103068
103184	102063
103187	100550
103187	101720
103187	101899
103189	102321
103189	103072
103191	102499
103192	100496
103192	101016
103195	102407
103196	102868
103197	102904
103197	102011
103198	102979
103200	102485
103200	102782
103200	103231
103202	100651
103206	100651
103207	102347
103207	102407
103207	101886
103208	102413
103209	102465
103214	102899
103222	102705
103222	102894
103222	102167
103228	100325
103229	102597
103229	103058
103229	100952
103229	101202
103232	102365
103233	103092
103233	100942
103237	100243
103237	101016
103238	102568
103240	103263
103242	102431
103245	102322
103246	100803
103251	101054
103253	102335
103258	102416
103258	101725
103259	102417
103259	102716
103259	103231
103259	100762
103259	100953
103259	101082
103259	102224
103261	100116
103261	100610
103262	103089
103262	100823
103268	102817
103268	102998
103268	103010
103270	103088
103270	102167
103274	103254
103275	102753
103275	103010
103275	100277
103277	103322
103280	102848
103280	101699
103282	103077
103283	100012
103284	102350
103284	102479
103284	102817
103284	102897
103284	102974
103284	101055
103285	102874
103286	102018
103287	102463
103287	102820
103287	100598
103288	101408
103290	101716
103291	102662
103291	102974
103291	103140
103294	102601
103294	103229
103302	102640
103302	101372
103302	101655
103305	101126
103306	102456
103312	100953
103312	101350
103313	101168
103318	102314
103320	102583
103320	101047
103329	103131
103330	102606
103330	102935
103330	102963
103330	103109
103331	101602
103333	102630
103335	102685
103335	101361
103337	101430
103338	102678
103338	103077
103338	101055
103340	102525
103340	102642
103340	103081
103340	100771
103341	101725
103343	102583
103343	103022
103343	100183
103343	101047
103343	101106
103343	101229
103345	102728
103345	102010
103348	103200
103348	103242
103348	101322
103351	102690
103351	100808
103351	101549
103352	101506
103358	103017
103358	103048
