1	1
2	2
3	1
4	3
5	4
6	5
7	2
8	3
9	6
10	1
11	1
12	7
13	8
14	9
15	10
16	10
17	4
18	1
19	1
20	10
21	4
21	1
22	11
23	12
24	1
25	13
26	14
27	15
28	16
29	17
30	10
31	6
32	1
33	18
34	1
35	19
36	1
37	20
38	19
39	1
40	13
40	21
41	18
42	2
43	10
44	3
45	10
46	1
47	22
48	1
49	10
50	10
51	1
52	19
53	16
54	1
55	18
56	14
57	19
58	23
59	4
60	2
61	12
62	10
63	18
64	1
65	10
66	11
67	24
67	25
67	26
68	10
69	27
70	19
71	28
72	15
73	29
74	30
75	2
76	1
77	19
78	17
79	31
79	13
79	32
79	33
80	34
81	1
82	1
83	18
84	2
85	1
86	1
87	35
88	10
89	10
90	10
91	10
92	16
93	19
94	6
95	1
96	36
97	1
98	3
99	37
99	38
100	39
100	26
101	1
102	6
103	9
104	1
105	17
106	28
107	10
108	10
109	1
110	1
111	1
112	4
113	1
114	3
115	16
116	10
117	1
118	19
119	13
119	40
120	9
121	6
122	1
123	2
124	10
125	41
126	35
127	1
128	19
129	34
130	42
130	34
130	43
131	10
132	2
133	1
134	8
135	6
135	26
136	10
137	1
138	15
139	10
140	17
141	18
142	1
143	18
144	1
145	24
146	19
147	17
148	44
148	13
148	41
148	21
149	11
150	45
151	3
152	1
152	10
153	1
154	1
155	10
156	17
157	46
158	46
159	18
160	10
161	1
162	17
163	1
164	12
165	47
166	48
167	49
168	26
169	17
170	50
171	10
172	19
173	1
174	17
175	1
176	46
177	13
178	10
179	44
179	13
180	10
181	1
182	10
183	4
184	1
185	10
186	37
187	16
188	1
189	4
190	19
191	3
192	1
193	26
194	22
195	10
196	1
196	13
197	4
198	51
199	2
200	26
201	18
202	1
203	13
204	52
205	2
206	10
207	3
208	9
209	13
210	29
211	6
212	53
213	16
214	19
215	1
216	51
217	32
217	13
218	10
219	1
220	41
220	13
220	40
221	50
222	18
223	17
224	54
224	55
224	38
225	9
226	22
227	1
228	31
229	19
230	15
231	5
232	45
233	56
233	13
234	1
235	18
236	1
237	1
238	40
239	32
239	13
240	4
241	1
242	9
243	57
244	58
245	1
246	19
247	21
248	26
249	19
250	38
251	1
252	1
253	30
254	40
255	9
256	13
256	59
257	2
258	6
259	1
260	19
261	11
262	1
263	28
264	19
265	26
266	18
267	9
268	60
269	3
270	7
271	1
272	13
272	17
272	27
273	6
274	1
275	1
276	61
276	34
277	19
278	28
279	17
280	1
281	22
282	56
283	10
284	38
285	35
286	28
287	3
288	1
289	62
290	17
291	59
292	63
292	24
292	26
293	1
294	17
295	6
296	7
297	2
298	8
299	64
299	11
299	13
300	26
301	22
302	1
303	9
304	19
305	1
306	48
306	38
307	4
308	65
309	40
310	2
311	3
312	10
313	38
314	26
315	6
316	38
317	28
317	13
318	17
319	10
320	18
321	1
322	14
323	41
324	10
325	24
325	26
326	11
327	1
328	17
329	18
330	1
331	1
332	1
333	11
334	46
335	9
336	19
337	18
338	1
339	1
340	1
341	50
342	9
343	1
344	26
345	1
346	10
347	10
348	1
349	17
350	59
351	1
352	66
353	1
354	52
355	54
356	2
357	2
358	13
359	2
360	29
361	2
362	1
363	1
364	15
365	20
366	40
367	48
368	4
369	1
370	19
371	17
372	67
372	26
373	1
374	59
375	1
376	16
377	1
378	68
379	69
380	1
381	6
382	9
383	3
384	4
385	17
386	41
387	1
388	17
389	1
390	22
391	10
392	1
393	2
394	26
395	10
396	41
397	10
398	32
398	70
398	64
398	41
398	13
398	36
398	69
399	10
400	12
400	50
401	2
402	1
403	3
404	19
405	26
406	27
407	13
408	19
409	18
410	1
411	4
412	10
413	1
414	35
415	33
416	32
417	1
418	1
419	35
420	2
421	10
422	3
423	56
424	1
425	1
426	3
427	1
428	62
429	46
430	26
431	17
432	1
433	17
434	10
435	17
436	26
437	1
438	2
439	6
440	13
441	10
442	1
443	25
444	18
445	9
446	26
447	1
448	26
449	1
450	1
451	1
452	13
452	32
452	40
453	24
453	1
454	13
455	30
456	10
457	10
458	17
459	18
459	6
460	53
461	17
462	27
463	1
464	1
465	35
466	17
467	37
467	38
468	26
469	8
470	65
471	32
471	69
471	13
472	14
473	62
473	26
474	1
475	28
476	71
477	3
478	59
479	1
480	16
481	1
482	1
483	40
484	10
485	4
486	1
487	37
487	38
488	18
489	9
490	15
491	21
492	9
493	63
494	1
495	1
496	13
497	34
498	1
499	61
500	27
501	3
502	19
503	2
504	1
505	24
506	16
507	5
508	1
509	1
510	52
511	1
512	39
513	19
514	60
515	10
516	10
517	56
518	1
519	10
520	15
521	9
522	10
523	15
524	22
525	59
526	1
527	1
528	22
529	18
530	1
531	10
532	1
533	18
534	41
535	62
536	17
537	62
538	17
539	10
540	6
541	1
542	18
542	1
543	10
544	10
545	9
546	29
546	24
547	26
548	4
549	29
550	1
551	39
552	9
553	1
554	17
555	10
556	1
557	1
558	28
559	1
560	27
561	17
562	13
563	9
564	18
565	9
566	18
567	2
568	9
569	60
570	1
571	9
572	4
573	62
574	1
575	1
576	15
577	19
578	56
579	2
580	41
581	40
582	19
583	1
584	10
585	10
586	17
587	17
588	46
589	2
590	10
591	13
592	18
593	13
594	10
595	10
596	10
597	14
598	55
599	10
600	55
601	1
602	10
603	1
604	2
605	28
606	46
607	1
608	26
609	1
610	1
611	9
612	22
613	1
614	1
615	3
615	13
616	6
617	18
618	1
619	14
620	11
621	1
622	19
623	28
624	1
625	11
625	28
625	13
626	7
627	1
628	72
629	18
630	1
631	10
632	26
633	53
634	2
635	15
636	48
637	4
638	55
639	1
640	9
641	1
642	1
643	15
644	17
645	1
646	1
647	73
648	1
649	6
650	1
651	62
652	9
653	13
654	1
655	10
656	10
657	4
658	13
659	1
660	2
661	15
662	1
663	40
663	13
664	11
665	13
666	25
667	13
668	17
669	1
670	1
671	2
672	13
673	4
674	10
675	1
676	9
677	41
678	17
679	19
680	53
681	28
682	1
683	13
684	3
685	1
686	63
686	26
687	35
688	1
689	59
690	2
691	8
692	3
693	30
694	17
695	3
696	23
697	32
698	26
699	11
700	3
701	1
702	5
702	26
703	48
704	17
705	9
706	1
707	1
708	17
709	74
710	66
711	6
712	1
713	13
714	22
715	53
716	45
717	10
718	28
719	15
720	38
721	1
722	4
723	20
724	1
725	75
726	6
727	9
728	10
729	45
730	1
731	1
732	26
733	19
734	1
735	1
736	26
737	1
738	1
739	1
740	11
741	56
742	18
743	1
744	10
745	10
746	2
747	1
748	1
749	48
749	38
750	18
751	72
752	10
753	13
754	10
755	2
756	9
757	17
758	1
759	22
760	4
761	16
762	1
763	14
764	41
765	1
766	1
767	18
768	1
769	19
770	17
771	72
772	1
773	56
774	55
775	1
776	1
777	1
778	16
779	3
780	1
781	26
781	59
782	8
783	1
784	1
785	31
785	13
786	2
787	10
788	26
789	3
790	76
790	26
791	1
792	19
793	10
794	19
795	4
796	6
797	1
798	17
799	10
800	13
801	1
802	5
803	10
804	1
805	1
806	1
807	26
807	5
808	1
809	24
809	63
810	40
811	17
812	32
813	25
813	26
814	28
814	13
815	10
816	1
817	20
818	11
819	19
820	10
821	2
822	1
823	1
824	1
825	2
826	11
827	28
828	1
829	1
830	10
831	1
832	1
833	34
834	40
835	26
836	41
837	1
838	66
839	41
839	13
840	1
841	12
841	50
842	27
843	28
844	10
845	1
846	12
847	10
848	1
849	29
850	17
851	1
852	1
853	34
854	1
855	75
855	26
856	1
857	4
858	66
859	26
860	56
861	1
862	13
863	19
864	10
865	9
866	1
867	18
868	27
869	1
870	1
871	13
872	6
873	3
874	29
874	26
875	10
876	10
877	27
878	10
879	1
880	27
881	19
882	1
883	6
884	41
885	16
886	38
887	10
888	77
889	1
890	10
891	22
892	1
893	10
894	19
895	35
896	16
897	1
898	10
899	44
899	13
900	60
901	41
902	42
902	34
902	43
903	28
904	17
905	1
906	41
907	17
908	17
909	1
910	16
911	35
911	13
912	1
913	10
914	6
915	34
916	18
917	1
918	10
919	10
920	30
921	10
922	8
923	24
924	45
925	13
925	17
925	78
926	1
927	32
928	26
929	1
930	16
930	13
931	17
932	18
933	15
934	38
935	25
935	26
936	3
937	56
938	1
939	48
940	22
941	1
942	64
942	3
942	13
943	1
944	1
945	3
945	13
946	12
947	69
948	17
949	60
950	2
951	19
952	10
953	79
954	26
955	6
955	26
956	19
957	10
958	34
958	13
959	1
960	26
961	10
962	2
963	6
964	59
965	13
966	13
967	26
968	1
969	56
970	19
971	10
972	41
973	26
974	56
975	10
976	1
977	13
978	6
979	15
980	17
981	9
982	8
983	18
984	18
985	1
986	11
987	10
988	1
989	18
990	41
991	13
992	35
993	20
994	4
995	3
996	29
997	1
998	60
999	30
1000	1
1001	1
1002	1
1003	1
1004	6
1005	29
1006	1
1007	1
1008	17
1009	1
1010	13
1011	3
1012	14
1013	8
1014	1
1015	1
1016	24
1017	13
1018	41
1019	10
1020	13
1021	24
1022	10
1023	1
1024	1
1025	6
1026	14
1027	1
1028	13
1029	4
1030	10
1031	10
1032	23
1033	27
1034	10
1035	1
1036	18
1037	17
1038	1
1039	26
1040	9
1041	56
1042	1
1043	37
1044	1
1045	28
1046	1
1047	17
1048	62
1049	1
1050	1
1051	10
1052	1
1053	34
1054	59
1055	1
1056	45
1056	13
1057	10
1058	2
1059	13
1060	9
1061	17
1062	1
1063	1
1064	10
1065	4
1065	13
1066	1
1067	80
1068	6
1069	6
1070	41
1071	2
1072	1
1073	1
1074	18
1075	24
1076	9
1077	4
1078	19
1079	57
1080	10
1081	74
1082	1
1083	16
1084	10
1085	1
1086	18
1087	2
1088	1
1089	36
1089	13
1090	10
1091	20
1092	1
1093	10
1094	36
1095	16
1096	2
1097	34
1098	13
1099	3
1100	38
1101	6
1102	1
1103	1
1104	18
1105	1
1106	4
1107	18
1108	13
1108	21
1109	3
1110	9
1111	10
1112	4
1113	35
1114	6
1115	19
1116	1
1117	17
1118	1
1119	10
1120	1
1121	3
1122	29
1123	1
1124	4
1125	1
1126	7
1127	15
1128	26
1129	6
1130	28
1131	1
1132	1
1133	1
1134	1
1135	1
1136	1
1137	10
1138	1
1139	2
1140	1
1141	1
1142	26
1143	9
1144	19
1145	1
1146	75
1147	28
1147	13
1148	1
1149	2
1150	41
1151	49
1152	28
1153	13
1154	24
1154	26
1155	13
1156	58
1157	34
1158	26
1159	1
1160	10
1161	22
1162	52
1163	1
1164	1
1165	1
1166	18
1167	13
1168	1
1169	1
1170	4
1171	48
1172	32
1172	13
1172	40
1173	1
1174	1
1175	1
1176	80
1177	26
1178	10
1179	46
1180	1
1181	3
1182	5
1183	20
1184	78
1185	45
1185	13
1186	4
1187	56
1188	6
1189	41
1190	1
1191	10
1192	19
1193	58
1194	26
1195	10
1196	18
1197	51
1198	10
1199	38
1200	17
1201	46
1202	17
1203	1
1204	13
1205	13
1206	3
1207	10
1208	1
1209	10
1210	28
1211	1
1212	59
1213	34
1214	2
1215	41
1216	1
1217	58
1217	16
1217	13
1218	10
1219	22
1220	10
1221	26
1222	18
1223	28
1224	3
1225	1
1226	1
1227	1
1228	35
1229	1
1230	19
1231	1
1232	4
1233	1
1234	17
1235	13
1236	11
1237	15
1238	1
1239	6
1240	1
1241	26
1242	56
1243	17
1244	29
1244	26
1245	9
1246	10
1247	1
1248	2
1249	26
1250	17
1251	59
1252	2
1253	1
1254	9
1255	11
1256	2
1257	58
1258	17
1259	2
1260	1
1261	18
1262	28
1263	1
1264	1
1265	13
1266	1
1267	4
1267	13
1267	1
1268	10
1269	22
1270	10
1271	6
1272	3
1273	19
1274	11
1275	17
1276	2
1277	54
1278	35
1279	13
1280	1
1281	17
1282	16
1283	1
1284	10
1285	1
1286	13
1286	1
1287	1
1288	10
1289	9
1290	1
1291	2
1292	51
1293	9
1294	10
1295	19
1296	10
1297	1
1298	9
1299	37
1300	1
1301	11
1302	6
1303	18
1304	38
1304	7
1305	39
1305	26
1306	13
1307	1
1308	10
1309	1
1310	1
1311	19
1312	19
1313	56
1314	17
1315	1
1316	26
1317	1
1318	3
1319	26
1320	3
1321	39
1322	68
1322	38
1323	19
1324	59
1325	1
1326	22
1327	8
1328	15
1329	17
1330	16
1331	57
1331	26
1332	10
1333	17
1334	9
1335	10
1336	6
1337	4
1338	18
1339	60
1340	69
1341	1
1342	19
1343	22
1344	6
1345	2
1346	1
1347	1
1348	28
1349	10
1350	28
1351	6
1352	10
1353	1
1354	6
1355	1
1356	1
1357	68
1358	1
1359	19
1360	19
1361	1
1362	57
1362	26
1363	65
1363	26
1363	81
1364	10
1365	32
1365	13
1366	10
1367	45
1368	1
1369	1
1370	2
1371	19
1372	6
1373	36
1373	13
1374	11
1375	4
1376	4
1377	17
1378	1
1379	4
1380	13
1381	4
1382	9
1383	1
1384	60
1385	10
1386	8
1387	17
1388	74
1389	1
1390	4
1391	9
1392	1
1393	11
1394	10
1395	10
1396	1
1397	45
1398	41
1399	19
1400	24
1400	63
1400	26
1400	6
1401	82
1402	1
1403	4
1404	56
1405	19
1406	17
1407	4
1408	29
1409	1
1410	1
1411	1
1412	1
1413	40
1413	60
1413	13
1414	65
1415	8
1416	13
1417	34
1418	26
1419	12
1419	50
1420	28
1421	9
1422	19
1423	39
1423	26
1424	10
1425	17
1426	1
1426	10
1427	10
1428	1
1429	11
1430	2
1431	9
1432	64
1432	13
1433	1
1434	10
1435	1
1436	1
1437	1
1438	1
1439	19
1440	1
1441	22
1442	1
1443	1
1444	10
1445	1
1446	10
1447	3
1448	2
1449	17
1450	83
1451	1
1452	3
1453	29
1454	40
1454	13
1455	17
1456	10
1457	1
1458	19
1459	6
1460	18
1461	5
1462	1
1463	8
1464	1
1464	4
1465	17
1466	19
1467	34
1467	43
1468	19
1469	13
1470	12
1471	1
1472	6
1473	18
1474	40
1475	84
1476	6
1477	19
1478	1
1479	6
1480	1
1481	3
1482	1
1483	1
1484	17
1485	19
1486	10
1487	26
1488	1
1489	1
1490	1
1491	59
1492	10
1493	1
1494	17
1495	1
1496	18
1497	26
1498	1
1499	46
1500	2
1501	1
1502	29
1502	65
1502	26
1503	28
1504	15
1505	1
1506	7
1507	1
1508	1
1509	10
1510	1
1511	1
1512	26
1513	1
1514	1
1515	4
1516	10
1517	2
1518	2
1519	59
1520	1
1521	9
1522	15
1523	2
1524	26
1525	1
1526	6
1527	1
1528	1
1528	16
1529	76
1529	26
1530	18
1531	32
1532	9
1533	21
1534	13
1535	28
1535	13
1536	10
1537	10
1538	26
1539	51
1540	17
1541	1
1541	4
1542	19
1543	10
1544	17
1545	10
1546	6
1547	13
1547	40
1548	19
1549	1
1550	40
1551	25
1551	26
1552	1
1553	10
1554	10
1555	18
1556	13
1557	1
1558	9
1559	10
1560	12
1561	1
1562	1
1563	1
1564	18
1565	5
1566	35
1567	6
1568	1
1569	1
1570	17
1571	6
1572	1
1573	29
1574	4
1575	10
1576	17
1577	10
1578	1
1579	1
1580	4
1581	59
1582	19
1583	6
1584	6
1585	3
1585	31
1585	13
1585	64
1586	63
1587	3
1588	19
1589	11
1590	17
1591	6
1592	8
1593	1
1594	15
1595	17
1596	41
1597	13
1597	44
1598	16
1599	1
1600	10
1601	36
1602	13
1602	4
1602	85
1603	18
1604	6
1605	3
1605	28
1605	13
1606	5
1607	4
1608	1
1609	19
1610	51
1611	10
1612	17
1613	1
1614	8
1615	41
1616	1
1617	10
1618	15
1619	2
1620	6
1621	16
1622	39
1623	10
1624	1
1625	2
1626	17
1627	41
1628	10
1629	26
1630	1
1631	2
1632	1
1633	1
1634	10
1635	53
1636	1
1637	2
1638	9
1639	32
1639	13
1640	1
1641	1
1642	2
1643	72
1644	82
1645	10
1646	1
1647	1
1648	1
1649	1
1650	15
1651	9
1652	15
1653	19
1654	41
1655	1
1656	39
1657	19
1658	1
1659	3
1660	1
1661	24
1662	10
1663	1
1664	10
1665	5
1666	1
1667	48
1668	10
1669	1
1670	1
1671	18
1672	19
1673	7
1673	55
1674	20
1675	1
1676	10
1677	28
1678	1
1679	10
1680	18
1681	51
1682	10
1683	2
1684	1
1685	4
1686	17
1687	17
1688	1
1689	19
1690	1
1691	3
1692	1
1693	17
1694	19
1695	1
1696	9
1697	18
1698	11
1699	13
1700	38
1701	13
1702	13
1703	56
1704	83
1705	1
1706	1
1707	10
1708	1
1709	13
1710	28
1711	9
1712	10
1713	6
1713	26
1714	2
1715	9
1716	26
1717	10
1718	18
1719	1
1720	10
1721	1
1722	21
1723	1
1724	10
1725	3
1726	13
1726	3
1727	4
1728	6
1729	22
1730	17
1731	2
1732	10
1733	29
1734	10
1735	1
1736	18
1737	26
1738	10
1739	10
1739	34
1740	6
1741	15
1742	10
1743	46
1744	50
1745	1
1746	33
1746	13
1746	21
1747	10
1748	1
1749	30
1750	1
1751	1
1752	1
1753	32
1753	13
1754	26
1755	10
1756	24
1757	17
1758	39
1759	10
1760	1
1761	1
1762	1
1763	2
1764	19
1765	62
1766	1
1767	28
1767	13
1768	4
1769	18
1770	10
1771	1
1772	1
1773	2
1774	65
1775	1
1776	40
1777	39
1778	1
1779	35
1780	26
1781	17
1782	27
1783	1
1784	18
1785	2
1786	5
1787	2
1788	18
1789	1
1790	6
1791	1
1792	29
1793	3
1793	13
1794	6
1795	4
1796	1
1797	10
1798	8
1799	37
1800	1
1801	27
1802	6
1803	18
1804	19
1805	18
1806	1
1807	28
1808	2
1809	1
1810	28
1811	10
1812	20
1813	1
1814	6
1815	1
1816	18
1816	16
1817	50
1818	29
1819	34
1820	17
1821	10
1822	59
1823	13
1824	18
1825	27
1826	2
1827	14
1828	6
1829	41
1830	1
1831	16
1832	17
1833	15
1834	50
1835	10
1836	37
1837	10
1838	3
1839	13
1840	35
1841	10
1842	9
1843	9
1844	10
1845	28
1846	56
1847	26
1848	10
1849	10
1850	9
1851	16
1852	23
1853	1
1854	1
1855	2
1856	1
1857	1
1858	23
1859	1
1860	26
1861	48
1862	1
1863	2
1864	10
1865	10
1866	38
1867	1
1868	19
1869	31
1869	13
1870	1
1871	10
1872	1
1873	72
1874	32
1874	13
1875	1
1876	18
1877	9
1878	13
1879	17
1880	56
1881	56
1882	13
1883	10
1884	18
1885	26
1886	10
1887	11
1888	3
1889	6
1890	4
1891	1
1892	1
1893	56
1893	13
1894	3
1895	19
1896	3
1897	1
1898	10
1899	3
1900	1
1901	20
1902	1
1903	35
1903	13
1903	21
1904	18
1905	10
1906	10
1907	2
1908	17
1909	62
1910	1
1911	1
1912	26
1913	1
1914	1
1915	1
1916	5
1917	35
1918	1
1919	68
1920	1
1921	41
1922	1
1923	1
1924	6
1925	1
1926	1
1927	64
1927	13
1928	86
1928	26
1929	1
1930	4
1931	4
1932	17
1933	9
1934	1
1935	48
1936	9
1937	19
1938	1
1939	10
1940	2
1941	26
1942	18
1943	4
1944	6
1945	6
1946	1
1947	17
1948	39
1949	19
1950	46
1951	2
1952	4
1952	13
1953	17
1954	2
1955	10
1956	27
1957	10
1958	1
1959	42
1959	34
1959	43
1959	87
1960	9
1961	34
1962	6
1963	19
1964	11
1965	26
1966	10
1967	17
1968	28
1969	27
1970	4
1971	10
1972	26
1973	19
1974	4
1975	13
1975	4
1976	17
1977	14
1978	8
1979	2
1980	1
1981	38
1982	69
1983	10
1984	1
1985	17
1986	1
1987	1
1988	28
1989	11
1990	9
1991	34
1992	26
1993	10
1994	14
1995	3
1996	2
1997	27
1998	1
1999	32
2000	2
2001	13
2002	11
2003	10
2004	1
2005	88
2006	10
2007	1
2008	2
2009	10
2010	3
2010	64
2010	13
2011	10
2012	13
2012	4
2013	1
2014	1
2015	40
2016	65
2017	63
2017	26
2018	1
2019	1
2020	16
2021	1
2022	9
2023	58
2024	4
2025	1
2026	1
2027	1
2028	13
2029	11
2030	86
2030	63
2030	26
2031	4
2032	1
2033	11
2034	22
2034	1
2035	35
2036	17
2037	10
2038	62
2039	47
2040	1
2041	1
2042	10
2043	34
2044	1
2045	41
2046	8
2047	89
2048	7
2049	20
2050	10
2051	10
2052	18
2053	1
2054	56
2054	4
2055	18
2056	84
2057	19
2058	1
2059	1
2060	10
2061	28
2062	1
2063	17
2064	10
2065	10
2066	1
2067	1
2068	6
2069	17
2070	1
2071	61
2072	10
2073	3
2074	13
2075	3
2076	1
2077	10
2078	14
2079	19
2080	35
2081	11
2082	6
2083	26
2084	18
2085	2
2086	11
2087	1
2088	9
2089	88
2090	10
2091	29
2092	10
2093	11
2094	35
2095	13
2096	6
2097	13
2098	1
2099	35
2100	14
2101	7
2102	6
2103	16
2104	19
2105	4
2106	19
2107	17
2108	13
2109	17
2110	47
2111	26
2112	1
2113	20
2114	17
2115	14
2116	17
2117	17
2118	1
2119	2
2120	6
2121	1
2122	56
2122	13
2123	18
2124	13
2124	4
2125	1
2126	1
2127	1
2128	26
2128	63
2129	26
2130	26
2131	10
2132	8
2133	11
2133	28
2133	32
2133	13
2134	22
2135	10
2136	6
2137	2
2138	18
2139	17
2140	13
2141	18
2142	1
2143	16
2144	18
2145	65
2145	26
2146	1
2147	26
2148	10
2149	19
2150	1
2151	8
2152	6
2152	57
2152	26
2153	10
2154	17
2155	2
2156	13
2157	28
2158	34
2159	19
2160	28
2160	13
2161	1
2162	74
2163	1
2164	24
2165	19
2166	75
2167	17
2168	3
2169	46
2170	10
2171	1
2172	1
2173	9
2174	1
2175	20
2176	6
2177	18
2178	18
2179	1
2180	7
2181	1
2182	34
2183	1
2184	6
2185	10
2186	1
2187	1
2188	10
2189	2
2190	9
2191	15
2192	23
2193	1
2194	1
2195	1
2196	17
2197	1
2198	1
2199	68
2200	1
2201	29
2202	1
2203	6
2204	72
2205	10
2206	10
2207	19
2208	10
2209	10
2210	1
2211	90
2212	16
2213	19
2214	19
2215	1
2216	1
2217	1
2218	26
2219	2
2220	1
2221	34
2222	10
2223	10
2224	40
2225	1
2226	2
2227	70
2227	44
2227	13
2228	1
2229	1
2230	1
2231	1
2232	19
2233	6
2234	14
2235	9
2236	51
2237	1
2238	1
2239	23
2240	15
2241	28
2241	13
2242	3
2243	63
2243	24
2244	56
2245	51
2246	13
2247	18
2248	15
2249	26
2249	39
2250	1
2251	15
2252	9
2253	17
2254	6
2255	18
2256	1
2257	10
2258	6
2259	1
2260	13
2261	10
2262	1
2263	1
2264	1
2265	26
2266	35
2267	18
2268	1
2269	6
2270	65
2271	32
2272	5
2273	6
2274	4
2275	24
2276	9
2277	19
2278	4
2279	1
2280	1
2281	15
2282	1
2283	82
2284	6
2285	6
2286	1
2287	2
2288	35
2289	1
2290	91
2291	37
2292	89
2293	52
2294	52
2295	34
2295	13
2296	11
2297	1
2298	1
2299	1
2300	1
2301	64
2301	13
2302	10
2303	10
2304	1
2305	2
2306	56
2307	34
2308	2
2309	9
2310	10
2311	50
2312	41
2313	10
2314	8
2315	10
2316	11
2317	6
2318	64
2318	11
2318	13
2319	17
2320	19
2321	18
2322	29
2323	1
2324	13
2325	91
2326	6
2327	20
2328	19
2329	32
2330	33
2331	26
2332	3
2333	17
2334	29
2334	26
2335	11
2336	10
2337	17
2338	11
2339	4
2340	1
2341	24
2342	10
2343	19
2344	1
2345	10
2346	9
2347	1
2348	1
2349	33
2350	6
2351	28
2352	5
2353	19
2354	15
2355	10
2356	18
2357	2
2358	17
2359	3
2360	56
2361	1
2362	10
2363	11
2363	28
2363	40
2363	13
2364	1
2365	37
2366	2
2367	26
2368	32
2368	13
2369	62
2370	19
2371	17
2372	10
2373	26
2374	11
2375	1
2376	1
2377	2
2378	48
2379	18
2379	13
2380	1
2381	1
2382	17
2383	28
2384	13
2384	92
2384	4
2385	10
2386	79
2386	34
2386	93
2386	73
2387	2
2388	50
2389	10
2390	39
2391	20
2392	39
2392	26
2393	1
2394	2
2395	13
2396	22
2397	10
2398	34
2399	2
2400	83
2400	74
2401	10
2402	19
2403	10
2404	51
2405	4
2406	4
2407	74
2408	8
2409	9
2410	9
2411	44
2412	24
2412	26
2413	20
2414	55
2415	1
2416	2
2417	68
2417	7
2417	38
2418	1
2419	10
2420	4
2420	13
2421	94
2422	78
2422	47
2423	6
2424	1
2424	7
2425	1
2426	10
2427	1
2428	1
2429	24
2430	7
2431	17
2432	12
2433	1
2434	17
2435	7
2436	29
2437	24
2437	40
2438	1
2439	1
2440	18
2441	1
2442	1
2443	66
2444	22
2445	1
2446	1
2447	1
2448	38
2448	48
2449	47
2450	1
2451	16
2452	44
2453	15
2454	60
2454	40
2454	13
2455	17
2456	13
2456	69
2457	2
2458	1
2459	51
2460	17
2461	11
2462	70
2462	21
2462	44
2462	13
2463	13
2464	73
2464	34
2465	6
2466	66
2467	1
2468	26
2469	44
2469	95
2469	13
2470	1
2471	80
2471	26
2471	4
2472	36
2473	9
2474	1
2475	38
2476	65
2476	26
2477	9
2478	9
2479	37
2480	12
2481	1
2482	48
2483	37
2484	1
2485	20
2486	1
2487	10
2488	61
2489	1
2490	1
2491	60
2492	10
2493	70
2493	44
2493	13
2494	10
2495	10
2496	6
2497	40
2498	56
2498	13
2499	13
2499	4
2500	66
2501	10
2502	15
2503	1
2504	44
2505	24
2505	39
2505	26
2506	61
2507	17
2508	66
2509	8
2510	32
2510	13
2510	40
2511	12
2512	1
2513	15
2514	5
2515	19
2516	74
2517	18
2517	34
2518	1
2519	9
2520	13
2521	20
2522	20
2523	8
2524	20
2525	17
2526	17
2527	34
2527	15
2528	1
2529	41
2530	7
2531	2
2532	1
2533	10
2534	39
2534	26
2535	66
2536	24
2536	26
2537	14
2538	1
2539	17
2540	13
2541	18
2542	1
2543	20
2544	18
2545	1
2546	4
2547	10
2548	15
2549	26
2550	4
2551	2
2552	1
2553	7
2554	1
2555	1
2556	82
2557	20
2558	10
2559	3
2560	36
2560	13
2561	19
2562	41
2563	10
2564	48
2565	55
2565	38
2566	1
2567	66
2568	1
2569	66
2570	10
2571	40
2571	13
2572	45
2573	10
2574	11
2575	74
2575	38
2575	37
2576	6
2577	16
2578	16
2579	41
2580	50
2580	38
2581	48
2582	13
2583	1
2584	61
2585	4
2586	9
2587	12
2587	50
2588	1
2589	24
2589	26
2589	59
2590	1
2591	38
2592	19
2593	7
2594	40
2595	38
2596	6
2597	40
2597	13
2598	20
2599	7
2600	13
2601	6
2602	38
2603	38
2604	26
2605	1
2606	17
2607	6
2608	31
2608	13
2609	6
2610	10
2611	51
2612	17
2613	34
2614	18
2615	18
2616	35
2616	13
2617	43
2618	1
2619	53
2619	26
2620	26
2621	51
2622	15
2623	41
2624	18
2625	26
2626	1
2627	48
2628	55
2628	7
2629	44
2630	4
2631	19
2632	1
2633	53
2634	24
2635	58
2635	13
2636	19
2637	46
2638	9
2639	40
2639	60
2639	13
2640	83
2641	1
2642	10
2643	88
2643	65
2643	38
2644	19
2645	66
2646	95
2646	13
2646	44
2647	19
2648	10
2649	1
2650	22
2651	16
2652	38
2653	4
2654	1
2655	9
2656	65
2657	66
2658	18
2659	74
2660	96
2661	14
2662	34
2663	49
2664	41
2665	68
2665	7
2665	38
2666	19
2667	50
2668	38
2669	10
2670	2
2670	13
2671	37
2672	59
2673	14
2674	11
2675	33
2676	1
2677	20
2678	43
2679	26
2680	1
2681	1
2682	22
2683	97
2684	1
2685	12
2685	38
2686	10
2687	1
2688	17
2689	10
2690	18
2691	10
2692	20
2693	13
2693	32
2694	10
2695	10
2696	1
2697	6
2698	21
2699	10
2700	40
2700	13
2701	1
2702	1
2703	58
2703	16
2703	13
2703	1
2704	94
2704	38
2705	10
2706	84
2706	26
2706	62
2707	19
2708	7
2708	38
2709	26
2710	29
2711	23
2712	91
2712	98
2713	20
2714	7
2715	27
2716	6
2717	56
2718	6
2719	2
2720	20
2721	1
2722	26
2723	9
2724	15
2725	26
2726	26
2726	25
2727	1
2728	38
2729	29
2729	13
2730	10
2731	3
2732	10
2733	10
2734	74
2735	9
2736	10
2737	37
2738	18
2739	19
2740	4
2741	2
2742	41
2743	12
2744	1
2745	62
2745	26
2746	9
2747	9
2748	9
2749	4
2750	1
2751	34
2752	38
2753	50
2753	38
2754	38
2755	1
2756	50
2757	10
2758	99
2759	17
2760	56
2760	13
2761	4
2762	3
2763	20
2764	1
2765	1
2766	16
2767	4
2768	9
2769	51
2770	94
2771	26
2772	1
2773	18
2774	19
2775	3
2776	26
2777	51
2778	1
2779	1
2780	12
2780	50
2781	17
2782	56
2783	20
2784	17
2785	10
2786	10
2787	10
2788	19
2789	14
2790	6
2791	12
2791	50
2792	46
2793	10
2793	53
2794	38
2795	28
2795	13
2796	36
2796	13
2797	11
2798	62
2799	1
2800	17
2801	4
2802	1
2803	14
2804	1
2805	72
2805	38
2806	39
2807	26
2807	30
2808	12
2809	20
2810	59
2811	1
2812	38
2813	19
2814	17
2815	1
2816	13
2817	29
2818	6
2819	46
2820	43
2821	5
2822	1
2823	13
2824	1
2825	10
2826	50
2827	26
2828	10
2829	1
2830	1
2831	2
2832	4
2833	1
2834	7
2835	56
2835	13
2836	48
2837	16
2838	48
2839	2
2840	2
2841	1
2842	10
2843	31
2843	13
2844	17
2845	17
2846	27
2847	65
2847	26
2848	8
2849	2
2850	7
2851	57
2851	26
2852	39
2852	26
2853	1
2854	4
2855	82
2856	38
2857	10
2858	9
2859	19
2860	20
2861	9
2862	46
2863	10
2864	10
2865	1
2866	1
2867	1
2868	29
2868	26
2869	1
2870	28
2870	13
2871	37
2872	26
2873	8
2873	38
2874	100
2874	34
2875	51
2876	1
2877	1
2878	23
2879	13
2880	4
2881	1
2882	16
2883	1
2884	41
2885	71
2886	61
2887	1
2888	19
2889	10
2890	29
2891	59
2892	2
2893	56
2893	13
2894	2
2894	13
2895	51
2896	46
2897	24
2898	26
2898	5
2899	3
2900	34
2901	59
2902	59
2903	2
2904	48
2904	51
2904	38
2905	1
2906	39
2906	26
2907	38
2907	48
2908	1
2909	19
2910	10
2911	29
2911	26
2912	3
2912	13
2912	45
2913	56
2913	13
2914	40
2914	13
2915	46
2916	17
2917	1
2918	15
2919	7
2920	10
2921	10
2922	6
2923	69
2924	82
2924	101
2924	34
2924	73
2925	9
2926	1
2927	28
2928	75
2929	46
2930	1
2931	4
2932	1
2933	55
2934	6
2935	16
2936	19
2937	18
2938	10
2939	20
2940	74
2941	19
2942	59
2942	26
2943	9
2944	7
2945	10
2946	10
2947	10
2948	38
2949	1
2950	46
2951	49
2952	13
2952	40
2953	7
2954	10
2955	34
2956	1
2957	29
2958	1
2959	3
2960	58
2961	18
2962	15
2963	66
2964	41
2965	74
2966	2
2967	2
2968	83
2969	37
2969	38
2970	5
2971	51
2972	19
2973	6
2974	1
2975	2
2976	13
2977	35
2978	2
2979	6
2980	26
2981	32
2981	13
2981	11
2982	32
2982	11
2982	13
2983	15
2984	19
2985	59
2986	9
2987	2
2988	1
2989	66
2990	3
2991	61
2992	9
2992	38
2993	17
2994	1
2995	14
2996	56
2997	56
2998	1
2999	38
3000	23
3001	59
3002	19
3003	1
3004	24
3005	18
3006	63
3006	26
3007	17
3008	19
3009	54
3009	55
3009	38
3010	9
3011	1
3012	1
3013	40
3013	13
3014	47
3015	29
3016	19
3017	50
3018	95
3019	26
3020	66
3021	1
3022	43
3023	3
3024	1
3025	13
3026	10
3027	1
3028	21
3028	13
3029	32
3029	13
3030	19
3031	1
3032	6
3033	26
3034	4
3035	1
3036	38
3037	74
3038	4
3039	40
3040	28
3041	1
3042	9
3043	10
3044	15
3045	13
3045	21
3045	33
3046	15
3047	55
3048	45
3048	13
3049	36
3050	12
3051	39
3051	26
3052	9
3053	10
3054	38
3055	13
3055	41
3055	44
3055	40
3056	38
3057	1
3058	28
3058	32
3058	13
3059	10
3060	59
3061	1
3062	59
3063	1
3064	18
3065	38
3066	26
3067	56
3068	40
3069	45
3070	10
3071	48
3072	1
3073	17
3074	1
3075	61
3075	34
3076	16
3077	28
3078	7
3079	3
3080	41
3081	101
3082	48
3083	9
3084	39
3084	29
3085	1
3086	10
3087	37
3088	11
3088	32
3088	13
3089	18
3090	1
3091	59
3091	26
3092	51
3093	19
3094	40
3094	29
3095	9
3096	4
3097	10
3098	2
3099	66
3100	50
3101	1
3102	24
3103	49
3104	19
3105	37
3106	59
3107	16
3108	56
3109	37
3110	1
3111	1
3112	48
3113	1
3114	9
3115	17
3116	63
3116	86
3116	26
3117	17
3118	1
3119	14
3120	13
3121	13
3122	9
3123	28
3124	19
3125	63
3126	1
3127	17
3128	1
3129	55
3130	6
3131	13
3131	36
3132	65
3132	26
3133	13
3133	34
3133	40
3134	11
3135	65
3135	59
3135	26
3136	1
3137	41
3137	13
3138	50
3139	1
3140	27
3141	10
3142	44
3142	2
3142	13
3143	1
3144	75
3145	9
3146	10
3147	59
3147	65
3147	26
3147	20
3148	3
3149	2
3150	1
3151	26
3152	69
3153	26
3154	34
3155	102
3156	1
3157	13
3158	10
3159	48
3160	59
3161	37
3162	4
3163	9
3164	4
3165	8
3166	4
3167	13
3167	4
3168	99
3169	13
3169	21
3169	41
3170	6
3171	46
3172	1
3173	37
3174	38
3175	1
3176	1
3177	19
3178	16
3179	10
3180	7
3181	23
3182	20
3183	1
3184	13
3185	1
3186	1
3187	60
3188	10
3189	48
3190	9
3191	2
3192	37
3193	65
3194	1
3195	10
3196	16
3197	54
3197	55
3198	88
3199	48
3200	38
3201	18
3202	1
3203	94
3204	1
3205	10
3206	6
3206	26
3207	2
3208	7
3209	10
3210	1
3211	32
3211	13
3212	10
3213	10
3214	38
3215	1
3216	38
3217	8
3217	38
3218	40
3219	10
3220	10
3221	74
3222	74
3223	11
3224	90
3225	15
3225	34
3226	29
3227	8
3228	22
3229	2
3230	37
3231	17
3232	10
3233	9
3234	56
3234	95
3234	40
3234	13
3235	10
3236	6
3237	6
3238	9
3239	99
3240	19
3241	1
3242	38
3243	59
3244	1
3245	13
3246	10
3247	24
3247	63
3248	66
3249	20
3250	1
3251	17
3252	6
3253	4
3254	62
3255	55
3255	7
3256	11
3257	18
3258	10
3259	16
3260	13
3261	1
3262	23
3263	54
3264	2
3265	31
3265	3
3265	13
3266	9
3267	26
3268	3
3269	1
3270	7
3271	13
3271	4
3271	85
3271	103
3272	1
3273	45
3274	1
3275	17
3276	15
3276	34
3277	3
3278	2
3279	4
3280	16
3281	17
3282	10
3283	17
3284	3
3285	12
3286	1
3287	19
3288	43
3289	2
3290	19
3291	54
3292	17
3293	10
3294	10
3295	40
3295	41
3295	13
3295	44
3296	1
3297	1
3298	18
3299	17
3300	1
3301	57
3301	90
3302	16
3303	3
3304	19
3305	19
3306	2
3307	6
3308	33
3309	1
3310	1
3311	48
3312	41
3312	40
3312	13
3313	28
3313	13
3314	1
3315	1
3316	12
3316	38
3317	18
3318	4
3319	5
3320	9
3321	6
3322	27
3323	9
3324	19
3325	3
3326	49
3327	9
3328	7
3329	1
3330	1
3331	49
3331	38
3332	1
3333	2
3334	8
3335	19
3336	1
3337	3
3338	1
3339	20
3340	17
3341	13
3342	40
3343	1
3344	5
3344	26
3345	10
3346	59
3347	34
3348	74
3349	13
3350	38
3351	41
3351	40
3351	13
3352	15
3353	13
3353	104
3353	4
3354	34
3355	65
3356	1
3357	7
3358	49
3359	13
3360	9
3361	40
3362	19
3363	16
3364	66
3365	3
3366	2
3367	17
3368	72
3369	1
3370	82
3370	101
3370	34
3371	3
3372	19
3373	10
3374	10
3375	18
3376	24
3377	2
3378	83
3379	33
3379	13
3379	41
3379	21
3379	70
3380	19
