0	0	3368	2	1722	3	8053	1	77	1	2
77	0	8053	2	1722	3	3368	1	0	2	1
7	0	7830	4	8979	1	353	1	1
353	0	8979	5	7830	1	7	1	1
9	0	1747	4	2583	1	137	2	2
137	0	2583	5	1747	1	9	2	2
11	0	7507	2	1730	3	9379	1	684	1	2
684	0	9379	2	1730	3	7507	1	11	2	1
16	0	10331	2	1734	3	8847	1	282	-1	2
282	0	8847	2	1734	3	10331	1	16	2	-1
20	0	8320	4	3782	1	153	-1	4
153	0	3782	5	8320	1	20	4	-1
27	0	2266	2	1729	3	6655	1	395	2	4
395	0	6655	2	1729	3	2266	1	27	4	2
30	0	4356	2	1734	3	3928	1	944	4	4
944	0	3928	2	1734	3	4356	1	30	4	4
32	0	9649	2	1734	3	6487	1	115	4	4
115	0	6487	2	1734	3	9649	1	32	4	4
33	0	1771	2	1729	3	11769	1	1702	4	3
1702	0	11769	2	1729	3	1771	1	33	3	4
43	0	2051	2	1726	3	3049	1	251	3	2
251	0	3049	2	1726	3	2051	1	43	2	3
47	0	11387	1	74	1	4
74	0	11387	1	47	4	1
51	0	11241	5	8957	1	481	1	1
481	0	8957	4	11241	1	51	1	1
52	0	10164	5	7807	4	9133	1	53	4	4
53	0	9133	5	7807	4	10164	1	52	4	4
54	0	6757	5	8741	1	87	4	4
87	0	8741	4	6757	1	54	4	4
59	0	4296	5	8064	1	651	2	1
651	0	8064	4	4296	1	59	1	2
63	0	1801	5	7202	1	178	-1	2
178	0	7202	4	1801	1	63	2	-1
64	0	7437	5	10364	4	8858	1	897	1	2
897	0	8858	5	10364	4	7437	1	64	2	1
64	0	7437	4	10308	1	335	1	1
335	0	10308	5	7437	1	64	1	1
67	0	4428	2	1734	3	9206	1	282	4	2
282	0	9206	2	1734	3	4428	1	67	2	4
76	0	11684	1	409	4	4
409	0	11684	1	76	4	4
81	0	11010	1	372	4	4
372	0	11010	1	81	4	4
84	0	7408	4	11185	1	738	4	4
738	0	11185	5	7408	1	84	4	4
93	0	6027	5	8839	4	11738	1	335	1	1
335	0	11738	5	8839	4	6027	1	93	1	1
93	0	6027	4	5101	1	335	1	1
335	0	5101	5	6027	1	93	1	1
99	0	1840	4	5194	5	6094	1	506	2	1
506	0	6094	4	5194	5	1840	1	99	1	2
99	0	1840	4	5194	4	11743	1	671	2	1
671	0	11743	5	5194	5	1840	1	99	1	2
101	0	1842	5	8721	5	10626	1	1634	3	1
1634	0	10626	4	8721	4	1842	1	101	1	3
105	0	11925	4	7309	1	902	3	2
902	0	7309	5	11925	1	105	2	3
106	0	11288	1	1190	1	1
1190	0	11288	1	106	1	1
115	0	9374	5	11022	5	7418	1	282	4	2
282	0	7418	4	11022	4	9374	1	115	2	4
115	0	9374	5	11022	4	9424	1	736	4	4
736	0	9424	5	11022	4	9374	1	115	4	4
115	0	9374	4	10889	1	864	4	4
864	0	10889	5	9374	1	115	4	4
116	0	2115	4	6750	4	9702	1	282	2	2
282	0	9702	5	6750	5	2115	1	116	2	2
118	0	8378	4	10651	1	563	2	2
563	0	10651	5	8378	1	118	2	2
121	0	2095	4	11357	5	12017	1	1719	1	1
1719	0	12017	4	11357	5	2095	1	121	1	1
134	0	10269	4	11861	4	11074	1	811	4	4
811	0	11074	5	11861	5	10269	1	134	4	4
137	0	6810	1	536	2	2
536	0	6810	1	137	2	2
142	0	4095	2	1729	3	10801	1	852	1	4
852	0	10801	2	1729	3	4095	1	142	4	1
145	0	9565	4	4342	1	151	4	4
151	0	4342	5	9565	1	145	4	4
146	0	8905	4	11570	1	481	4	1
481	0	11570	5	8905	1	146	1	4
148	0	3600	5	4531	1	192	-1	2
192	0	4531	4	3600	1	148	2	-1
148	0	3600	4	5213	5	3934	1	894	-1	4
894	0	3934	4	5213	5	3600	1	148	4	-1
148	0	3600	4	5213	4	2112	1	191	-1	2
191	0	2112	5	5213	5	3600	1	148	2	-1
153	0	9834	4	9291	1	811	4	4
811	0	9291	5	9834	1	153	4	4
155	0	4878	2	1725	3	6877	1	365	2	1
365	0	6877	2	1725	3	4878	1	155	1	2
161	0	8734	2	1725	3	9789	1	553	1	1
553	0	9789	2	1725	3	8734	1	161	1	1
164	0	2590	4	5918	1	981	3	4
981	0	5918	5	2590	1	164	4	3
166	0	3316	2	1723	3	4312	1	330	2	3
330	0	4312	2	1723	3	3316	1	166	3	2
185	0	1952	2	1724	3	5095	1	1156	4	4
1156	0	5095	2	1724	3	1952	1	185	4	4
191	0	7859	4	7257	4	11877	1	256	2	1
256	0	11877	5	7257	5	7859	1	191	1	2
200	0	7727	5	7738	1	553	1	1
553	0	7738	4	7727	1	200	1	1
202	0	5187	2	1730	3	3598	1	614	2	2
614	0	3598	2	1730	3	5187	1	202	2	2
207	0	11140	2	1730	3	11554	1	231	2	2
231	0	11554	2	1730	3	11140	1	207	2	2
208	0	4189	2	1734	3	11678	1	1699	4	4
1699	0	11678	2	1734	3	4189	1	208	4	4
216	0	4996	4	11121	5	6835	1	394	1	1
394	0	6835	4	11121	5	4996	1	216	1	1
219	0	2008	2	1723	3	9385	1	301	2	3
301	0	9385	2	1723	3	2008	1	219	3	2
221	0	5547	1	240	2	2
240	0	5547	1	221	2	2
224	0	6399	5	10198	1	1057	2	1
1057	0	10198	4	6399	1	224	1	2
225	0	4374	4	7615	1	651	2	1
651	0	7615	5	4374	1	225	1	2
228	0	3264	2	1729	3	11845	1	388	1	1
388	0	11845	2	1729	3	3264	1	228	1	1
234	0	10936	1	1205	4	4
1205	0	10936	1	234	4	4
235	0	8458	4	6387	4	11319	1	383	2	2
383	0	11319	5	6387	5	8458	1	235	2	2
245	0	8803	2	1723	3	5664	1	770	2	4
770	0	5664	2	1723	3	8803	1	245	4	2
253	0	2067	2	1725	3	11261	1	333	3	1
333	0	11261	2	1725	3	2067	1	253	1	3
258	0	10321	2	1730	3	9351	1	824	4	2
824	0	9351	2	1730	3	10321	1	258	2	4
265	0	2924	2	1723	3	3609	1	742	2	2
742	0	3609	2	1723	3	2924	1	265	2	2
266	0	10463	5	8498	1	514	1	1
514	0	8498	4	10463	1	266	1	1
277	0	10412	5	3852	5	9341	1	896	4	4
896	0	9341	4	3852	4	10412	1	277	4	4
279	0	2111	1	280	2	4
280	0	2111	1	279	4	2
288	0	5310	1	1198	1	1
1198	0	5310	1	288	1	1
291	0	11495	1	1095	4	4
1095	0	11495	1	291	4	4
292	0	10560	2	1725	3	3481	1	793	2	1
793	0	3481	2	1725	3	10560	1	292	1	2
304	0	5155	1	330	3	3
330	0	5155	1	304	3	3
314	0	9026	1	795	4	4
795	0	9026	1	314	4	4
323	0	10964	4	5949	1	1173	-1	1
1173	0	5949	5	10964	1	323	1	-1
328	0	3896	2	1730	3	10028	1	684	2	2
684	0	10028	2	1730	3	3896	1	328	2	2
335	0	11737	2	1725	3	8916	1	506	1	1
506	0	8916	2	1725	3	11737	1	335	1	1
336	0	11058	2	1734	3	9548	1	341	4	4
341	0	9548	2	1734	3	11058	1	336	4	4
339	0	6527	5	5445	1	1167	1	4
1167	0	5445	4	6527	1	339	4	1
358	0	6710	4	6822	1	786	2	2
786	0	6822	5	6710	1	358	2	2
362	0	11878	1	1055	2	2
1055	0	11878	1	362	2	2
377	0	8790	4	5591	1	665	-1	1
665	0	5591	5	8790	1	377	1	-1
394	0	11884	1	1210	1	1
1210	0	11884	1	394	1	1
416	0	2383	1	417	1	1
417	0	2383	1	416	1	1
421	0	2913	4	3971	1	951	1	1
951	0	3971	5	2913	1	421	1	1
423	0	4860	1	950	2	4
950	0	4860	1	423	4	2
443	0	5037	4	11763	4	5081	1	480	-1	4
480	0	5081	5	11763	5	5037	1	443	4	-1
457	0	8112	2	1732	3	8096	1	1480	1	1
1480	0	8096	2	1732	3	8112	1	457	1	1
464	0	2478	4	10668	1	758	2	2
758	0	10668	5	2478	1	464	2	2
466	0	2656	4	10201	1	689	2	4
689	0	10201	5	2656	1	466	4	2
470	0	2492	2	1725	3	6549	1	672	1	1
672	0	6549	2	1725	3	2492	1	470	1	1
480	0	5081	2	1734	3	11365	1	767	4	4
767	0	11365	2	1734	3	5081	1	480	4	4
487	0	5809	2	1730	3	5998	1	1188	2	2
1188	0	5998	2	1730	3	5809	1	487	2	2
491	0	10288	2	1728	3	10277	1	991	1	1
991	0	10277	2	1728	3	10288	1	491	1	1
500	0	7532	2	1725	3	3542	1	826	1	1
826	0	3542	2	1725	3	7532	1	500	1	1
502	0	4812	5	9224	4	8717	1	1128	1	1
1128	0	8717	5	9224	4	4812	1	502	1	1
502	0	4812	4	5310	1	1198	1	1
1198	0	5310	5	4812	1	502	1	1
526	0	8294	2	1734	3	11504	1	770	2	4
770	0	11504	2	1734	3	8294	1	526	4	2
527	0	2630	2	1725	3	4244	1	1034	1	4
1034	0	4244	2	1725	3	2630	1	527	4	1
529	0	2634	2	1723	3	5640	1	1240	4	2
1240	0	5640	2	1723	3	2634	1	529	2	4
533	0	5221	2	1725	3	6812	1	1303	3	1
1303	0	6812	2	1725	3	5221	1	533	1	3
534	0	6392	4	5308	1	1197	3	4
1197	0	5308	5	6392	1	534	4	3
541	0	8004	4	10498	4	3737	1	885	2	2
885	0	3737	5	10498	5	8004	1	541	2	2
548	0	10090	2	1723	3	11594	1	685	-1	1
685	0	11594	2	1723	3	10090	1	548	1	-1
560	0	6214	2	1723	3	5102	1	722	3	1
722	0	5102	2	1723	3	6214	1	560	1	3
582	0	9051	2	1723	3	9085	1	693	2	3
693	0	9085	2	1723	3	9051	1	582	3	2
585	0	11894	1	898	1	1
898	0	11894	1	585	1	1
592	0	10922	1	593	4	4
593	0	10922	1	592	4	4
593	0	11108	5	6116	1	1301	4	4
1301	0	6116	4	11108	1	593	4	4
593	0	11108	4	4335	1	802	4	4
802	0	4335	5	11108	1	593	4	4
597	0	10165	2	1725	3	9784	1	1580	1	1
1580	0	9784	2	1725	3	10165	1	597	1	1
601	0	6138	1	742	2	2
742	0	6138	1	601	2	2
614	0	6875	2	1730	3	7508	1	629	2	1
629	0	7508	2	1730	3	6875	1	614	1	2
625	0	2868	2	1723	3	10510	1	1097	2	2
1097	0	10510	2	1723	3	2868	1	625	2	2
653	0	2963	2	1728	3	6711	1	1378	1	1
1378	0	6711	2	1728	3	2963	1	653	1	1
659	0	6919	4	6855	1	928	1	1
928	0	6855	5	6919	1	659	1	1
714	0	6440	2	1723	3	9420	1	1560	2	2
1560	0	9420	2	1723	3	6440	1	714	2	2
724	0	9234	1	816	1	1
816	0	9234	1	724	1	1
732	0	3577	4	5410	4	5096	1	738	4	4
738	0	5096	5	5410	5	3577	1	732	4	4
733	0	5074	1	734	4	2
734	0	5074	1	733	2	4
743	0	9094	1	910	4	2
910	0	9094	1	743	2	4
750	0	5895	1	932	2	2
932	0	5895	1	750	2	2
758	0	6683	5	3342	4	5640	1	1240	2	2
1240	0	5640	5	3342	4	6683	1	758	2	2
773	0	11584	1	1092	4	4
1092	0	11584	1	773	4	4
794	0	4227	1	923	2	2
923	0	4227	1	794	2	2
796	0	3500	5	10863	1	797	1	1
797	0	10863	4	3500	1	796	1	1
796	0	3500	4	9930	1	797	1	1
797	0	9930	5	3500	1	796	1	1
812	0	6987	4	7292	1	1161	4	4
1161	0	7292	5	6987	1	812	4	4
813	0	10677	4	7146	1	1191	-1	1
1191	0	7146	5	10677	1	813	1	-1
827	0	11026	5	9441	1	1019	4	4
1019	0	9441	4	11026	1	827	4	4
831	0	6471	4	4755	1	1093	4	4
1093	0	4755	5	6471	1	831	4	4
837	0	3582	4	5856	4	5940	1	1292	2	2
1292	0	5940	5	5856	5	3582	1	837	2	2
851	0	10354	1	1622	1	1
1622	0	10354	1	851	1	1
857	0	3875	4	5762	1	1050	3	4
1050	0	5762	5	3875	1	857	4	3
873	0	9410	1	1556	4	4
1556	0	9410	1	873	4	4
875	0	9335	2	1733	3	4821	1	1102	1	1
1102	0	4821	2	1733	3	9335	1	875	1	1
886	0	7755	4	5257	1	934	1	1
934	0	5257	5	7755	1	886	1	1
916	0	3908	1	937	4	4
937	0	3908	1	916	4	4
917	0	3848	1	918	2	2
918	0	3848	1	917	2	2
931	0	4192	1	932	2	2
932	0	4192	1	931	2	2
959	0	10481	2	1723	3	11938	1	1430	2	2
1430	0	11938	2	1723	3	10481	1	959	2	2
962	0	7860	2	1734	3	9570	1	1520	4	4
1520	0	9570	2	1734	3	7860	1	962	4	4
989	0	9048	1	1526	-1	2
1526	0	9048	1	989	2	-1
994	0	9209	2	1734	3	10924	1	1655	4	4
1655	0	10924	2	1734	3	9209	1	994	4	4
1012	0	4172	1	1013	4	4
1013	0	4172	1	1012	4	4
1029	0	5141	4	6293	4	7146	1	1191	1	1
1191	0	7146	5	6293	5	5141	1	1029	1	1
1034	0	6579	4	5726	5	11263	1	1101	4	4
1101	0	11263	4	5726	5	6579	1	1034	4	4
1038	0	6148	1	1319	4	4
1319	0	6148	1	1038	4	4
1116	0	10632	2	1723	3	10498	1	1631	2	3
1631	0	10498	2	1723	3	10632	1	1116	3	2
1185	0	6069	2	1729	3	7771	1	1225	4	2
1225	0	7771	2	1729	3	6069	1	1185	2	4
1198	0	11640	2	1728	3	6086	1	1309	1	1
1309	0	6086	2	1728	3	11640	1	1198	1	1
1227	0	5567	2	1730	3	6804	1	1316	1	3
1316	0	6804	2	1730	3	5567	1	1227	3	1
1231	0	11689	2	1730	3	7655	1	1456	2	2
1456	0	7655	2	1730	3	11689	1	1231	2	2
1237	0	12010	1	1238	1	1
1238	0	12010	1	1237	1	1
1240	0	5640	4	8874	1	1515	2	3
1515	0	8874	5	5640	1	1240	3	2
1264	0	5804	1	1265	4	3
1265	0	5804	1	1264	3	4
1433	0	7281	2	1728	3	10431	1	1626	4	3
1626	0	10431	2	1728	3	7281	1	1433	3	4
1451	0	7596	2	1734	3	10068	1	1482	4	4
1482	0	10068	2	1734	3	7596	1	1451	4	4
1531	0	9134	1	1532	2	2
1532	0	9134	1	1531	2	2
1549	0	9337	1	1550	4	4
1550	0	9337	1	1549	4	4
1556	0	9410	1	1557	4	4
1557	0	9410	1	1556	4	4
1662	0	11024	1	1664	4	4
1664	0	11024	1	1662	4	4
