4	2	16
4	2	1	2	52
4	2	1	2	32
4	2	1	2	52
4	2	1	2	60
4	2	1	2	48
4	2	1	2	104
4	2	1	2	16
4	2	1	2	16
4	2	1	2	104
4	2	1	2	148
4	2	1	2	12
4	2	1	2	28
4	2	1	2	52
4	2	1	2	52
4	2	1	2	32
4	2	1	2	80
4	2	1	2	52
4	2	1	2	60
4	2	1	2	52
4	2	1	2	112
4	2	1	2	52
4	2	1	2	120
4	2	1	2	88
4	2	1	2	52
4	2	1	2	52
4	2	1	2	60
4	2	1	2	52
4	2	1	2	60
4	2	1	2	28
4	2	1	2	28
4	2	1	2	8
4	2	1	2	16
4	2	1	2	16
4	2	1	2	44
4	2	1	2	88
4	2	1	2	88
4	2	1	2	52
4	2	1	2	16
4	2	1	2	16
4	2	1	2	12
4	2	1	2	108
4	2	1	2	88
4	2	1	2	128
4	2	1	2	52
4	2	1	2	8
4	2	1	2	60
4	2	1	2	52
4	2	1	2	128
4	2	1	2	16
4	2	1	2	60
4	2	1	2	44
4	2	1	2	60
4	2	1	2	28
4	2	1	2	28
4	2	1	2	12
4	2	1	2	88
4	2	1	2	104
4	2	1	2	8
4	2	1	2	16
4	2	1	2	8
4	2	1	2	12
4	2	1	2	92
4	2	1	2	52
4	2	1	2	92
4	2	1	2	36
4	2	1	2	28
4	2	1	2	52
4	2	1	2	88
4	2	1	2	76
4	2	1	2	24
4	2	1	2	28
4	2	1	2	52
4	2	1	2	12
4	2	1	2	96
4	2	1	2	88
4	2	1	2	92
4	2	1	2	88
4	2	1	2	16
4	2	1	2	52
4	2	1	2	60
4	2	1	2	52
4	2	1	2	32
4	2	1	2	52
4	2	1	2	60
4	2	1	2	48
4	2	1	2	16
4	2	1	2	104
4	2	1	2	16
4	2	1	2	16
4	2	1	2	104
4	2	1	2	148
4	2	1	2	12
4	2	1	2	28
4	2	1	2	52
4	2	1	2	52
4	2	1	2	32
4	2	1	2	80
4	2	1	2	52
4	2	1	2	60
4	2	1	2	52
4	2	1	2	112
4	2	1	2	52
4	2	1	2	120
4	2	1	2	88
4	2	1	2	52
4	2	1	2	52
4	2	1	2	60
4	2	1	2	52
4	2	1	2	60
4	2	1	2	28
4	2	1	2	28
4	2	1	2	8
4	2	1	2	16
4	2	1	2	16
4	2	1	2	44
4	2	1	2	88
4	2	1	2	88
4	2	1	2	52
4	2	1	2	16
4	2	1	2	16
4	2	1	2	12
4	2	1	2	108
4	2	1	2	88
4	2	1	2	128
4	2	1	2	52
4	2	1	2	8
4	2	1	2	60
4	2	1	2	52
4	2	1	2	128
4	2	1	2	16
4	2	1	2	60
4	2	1	2	44
4	2	1	2	60
4	2	1	2	28
4	2	1	2	28
4	2	1	2	12
4	2	1	2	88
4	2	1	2	104
4	2	1	2	8
4	2	1	2	16
4	2	1	2	8
4	2	1	2	12
4	2	1	2	92
4	2	1	2	52
4	2	1	2	92
4	2	1	2	36
4	2	1	2	28
4	2	1	2	52
4	2	1	2	88
4	2	1	2	76
4	2	1	2	24
4	2	1	2	28
4	2	1	2	52
4	2	1	2	12
4	2	1	2	96
4	2	1	2	88
4	2	1	2	92
4	2	1	2	88
4	2	1	2	16
4	2	1	2	52
4	2	1	2	60
4	2	1	2	36
4	2	1	2	36
4	2	1	2	16
4	2	1	2	36
4	2	1	2	60
4	2	1	2	60
4	2	1	2	16
4	2	1	2	44
4	2	1	2	88
4	2	1	2	92
4	2	1	2	8
4	2	1	2	12
4	2	1	2	88
4	2	1	2	128
4	2	1	2	8
4	2	1	2	56
4	2	1	2	52
4	2	1	2	44
4	2	1	2	52
4	2	1	2	92
4	2	1	2	136
4	2	1	2	8
4	2	1	2	16
4	2	1	2	60
4	2	1	2	8
4	2	1	2	88
4	2	1	2	16
4	2	1	2	60
4	2	1	2	16
4	2	1	2	16
4	2	1	2	52
4	2	1	2	32
4	2	1	2	16
4	2	1	2	104
4	2	1	2	36
4	2	1	2	100
4	2	1	2	16
4	2	1	2	52
4	2	1	2	32
4	2	1	2	52
4	2	1	2	60
4	2	1	2	48
4	2	1	2	16
4	2	1	2	104
4	2	1	2	16
4	2	1	2	16
4	2	1	2	104
4	2	1	2	148
4	2	1	2	12
4	2	1	2	28
4	2	1	2	52
4	2	1	2	52
4	2	1	2	32
4	2	1	2	80
4	2	1	2	52
4	2	1	2	60
4	2	1	2	52
4	2	1	2	112
4	2	1	2	52
4	2	1	2	120
4	2	1	2	88
4	2	1	2	52
4	2	1	2	52
4	2	1	2	60
4	2	1	2	52
4	2	1	2	60
4	2	1	2	28
4	2	1	2	28
4	2	1	2	8
4	2	1	2	16
4	2	1	2	16
4	2	1	2	44
4	2	1	2	88
4	2	1	2	88
4	2	1	2	52
4	2	1	2	16
4	2	1	2	16
4	2	1	2	12
4	2	1	2	108
4	2	1	2	88
4	2	1	2	128
4	2	1	2	52
4	2	1	2	8
4	2	1	2	60
4	2	1	2	52
4	2	1	2	128
4	2	1	2	16
4	2	1	2	60
4	2	1	2	44
4	2	1	2	60
4	2	1	2	28
4	2	1	2	28
4	2	1	2	12
4	2	1	2	88
4	2	1	2	104
4	2	1	2	8
4	2	1	2	16
4	2	1	2	8
4	2	1	2	12
4	2	1	2	92
4	2	1	2	52
4	2	1	2	92
4	2	1	2	36
4	2	1	2	28
4	2	1	2	52
4	2	1	2	88
4	2	1	2	76
4	2	1	2	24
4	2	1	2	28
4	2	1	2	52
4	2	1	2	12
4	2	1	2	96
4	2	1	2	88
4	2	1	2	92
4	2	1	2	88
4	2	1	2	16
4	2	1	2	52
4	2	1	2	60
4	2	2	100
4	2	2	2	16
4	2	2	2	52
4	2	2	2	120
4	2	1	2	144
4	2	1	2	136
4	2	1	2	16
4	2	1	2	52
4	2	1	2	52
4	2	2	16
4	2	2	2	100
4	2	2	2	16
4	2	2	2	16
4	2	2	2	28
4	2	2	2	16
4	2	16
4	2	1	2	36
4	2	1	2	36
4	2	1	2	16
4	2	1	2	36
4	2	1	2	60
4	2	1	2	60
4	2	1	2	16
4	2	1	2	44
4	2	1	2	88
4	2	1	2	92
4	2	1	2	8
4	2	1	2	12
4	2	1	2	88
4	2	1	2	128
4	2	1	2	8
4	2	1	2	56
4	2	1	2	52
4	2	1	2	44
4	2	1	2	52
4	2	1	2	92
4	2	1	2	136
4	2	1	2	8
4	2	1	2	16
4	2	1	2	60
4	2	1	2	8
4	2	1	2	88
4	2	1	2	60
4	2	1	2	16
4	2	1	2	16
4	2	1	2	52
4	2	1	2	32
4	2	1	2	16
4	2	1	2	104
4	2	1	2	36
4	2	1	2	100
4	2	1	2	16
4	2	2	100
4	2	2	2	52
4	2	2	2	120
4	2	2	16
4	2	2	2	16
4	2	2	16
4	2	2	2	16
4	2	2	2	52
4	2	2	2	16
4	2	2	2	16
4	2	2	2	16
4	2	2	2	16
4	2	2	28
4	2	2	2	44
4	2	2	2	112
4	2	2	2	20
4	2	2	16
4	2	2	2	52
4	2	2	2	16
4	2	1	2	16
4	2	1	2	100
4	2	1	2	16
4	2	1	2	12
4	2	1	2	80
4	2	1	2	16
4	2	1	2	16
4	2	1	2	16
4	2	1	2	12
4	2	1	2	84
4	2	1	2	52
4	2	1	2	100
4	2	1	2	120
4	2	1	2	68
4	2	1	2	8
4	2	1	2	16
4	2	1	2	112
4	2	1	2	120
4	2	1	2	32
4	2	1	2	52
4	2	1	2	16
4	2	1	2	28
4	2	1	2	52
4	2	1	2	52
4	2	1	2	108
4	2	1	2	28
4	2	1	2	56
4	2	1	2	140
4	2	1	2	104
4	2	1	2	52
4	2	1	2	28
4	2	1	2	24
4	2	1	2	52
4	2	1	2	16
4	2	1	2	92
4	2	1	2	16
4	2	1	2	52
4	2	1	2	28
4	2	1	2	16
4	2	1	2	84
4	2	1	2	88
4	2	1	2	88
4	2	1	2	8
4	2	1	2	16
4	2	1	2	100
4	2	1	2	28
4	2	1	2	116
4	2	1	2	56
4	2	1	2	88
4	2	1	2	8
4	2	1	2	52
4	2	1	2	16
4	2	1	2	8
4	2	1	2	28
4	2	1	2	92
4	2	1	2	28
4	2	1	2	112
4	2	1	2	16
4	2	1	2	28
4	2	1	2	52
4	2	1	2	28
4	2	1	2	104
4	2	1	2	28
4	2	1	2	68
4	2	1	2	60
4	2	1	2	76
4	2	1	2	16
4	2	1	2	76
4	2	1	2	28
4	2	1	2	28
4	2	1	2	72
4	2	1	2	68
4	2	1	2	28
4	2	1	2	36
4	2	1	2	32
4	2	1	2	28
4	2	1	2	24
4	2	1	2	52
4	2	1	2	32
4	2	1	2	52
4	2	1	2	60
4	2	1	2	48
4	2	1	2	16
4	2	1	2	104
4	2	1	2	16
4	2	1	2	16
4	2	1	2	104
4	2	1	2	148
4	2	1	2	12
4	2	1	2	28
4	2	1	2	52
4	2	1	2	52
4	2	1	2	32
4	2	1	2	80
4	2	1	2	52
4	2	1	2	60
4	2	1	2	52
4	2	1	2	112
4	2	1	2	52
4	2	1	2	120
4	2	1	2	88
4	2	1	2	52
4	2	1	2	52
4	2	1	2	60
4	2	1	2	52
4	2	1	2	60
4	2	1	2	28
4	2	1	2	28
4	2	1	2	8
4	2	1	2	16
4	2	1	2	16
4	2	1	2	44
4	2	1	2	88
4	2	1	2	88
4	2	1	2	52
4	2	1	2	16
4	2	1	2	16
4	2	1	2	12
4	2	1	2	108
4	2	1	2	88
4	2	1	2	128
4	2	1	2	52
4	2	1	2	8
4	2	1	2	60
4	2	1	2	52
4	2	1	2	128
4	2	1	2	16
4	2	1	2	60
4	2	1	2	44
4	2	1	2	60
4	2	1	2	28
4	2	1	2	28
4	2	1	2	12
4	2	1	2	88
4	2	1	2	104
4	2	1	2	8
4	2	1	2	16
4	2	1	2	8
4	2	1	2	12
4	2	1	2	92
4	2	1	2	52
4	2	1	2	92
4	2	1	2	36
4	2	1	2	28
4	2	1	2	52
4	2	1	2	88
4	2	1	2	76
4	2	1	2	24
4	2	1	2	28
4	2	1	2	52
4	2	1	2	12
4	2	1	2	96
4	2	1	2	88
4	2	1	2	92
4	2	1	2	88
4	2	1	2	16
4	2	1	2	52
4	2	1	2	60
8	2	44
8	2	1	2	20
8	2	1	2	44
8	2	1	2	44
8	2	1	2	36
8	2	1	2	48
8	2	28
8	2	1	2	52
8	2	1	2	32
8	2	1	2	52
8	2	1	2	60
8	2	1	2	48
8	2	1	2	16
8	2	1	2	104
8	2	1	2	16
8	2	1	2	16
8	2	1	2	104
8	2	1	2	148
8	2	1	2	12
8	2	1	2	28
8	2	1	2	52
8	2	1	2	52
8	2	1	2	32
8	2	1	2	80
8	2	1	2	52
8	2	1	2	60
8	2	1	2	52
8	2	1	2	112
8	2	1	2	52
8	2	1	2	120
8	2	1	2	88
8	2	1	2	52
8	2	1	2	52
8	2	1	2	60
8	2	1	2	52
8	2	1	2	60
8	2	1	2	28
8	2	1	2	16
8	2	1	2	16
8	2	1	2	44
8	2	1	2	88
8	2	1	2	88
8	2	1	2	52
8	2	1	2	16
8	2	1	2	16
8	2	1	2	12
8	2	1	2	108
8	2	1	2	88
8	2	1	2	128
8	2	1	2	52
8	2	1	2	60
8	2	1	2	52
8	2	1	2	128
8	2	1	2	16
8	2	1	2	60
8	2	1	2	44
8	2	1	2	60
8	2	1	2	28
8	2	1	2	28
8	2	1	2	12
8	2	1	2	88
8	2	1	2	104
8	2	1	2	16
8	2	1	2	12
8	2	1	2	92
8	2	1	2	52
8	2	1	2	92
8	2	1	2	36
8	2	1	2	28
8	2	1	2	52
8	2	1	2	88
8	2	1	2	76
8	2	1	2	24
8	2	1	2	28
8	2	1	2	52
8	2	1	2	12
8	2	1	2	96
8	2	1	2	88
8	2	1	2	92
8	2	1	2	88
8	2	1	2	16
8	2	1	2	52
8	2	1	2	60
8	2	1	2	56
8	2	1	2	44
8	2	1	2	88
8	2	1	2	56
8	2	1	2	44
8	2	1	2	20
8	2	1	2	80
8	2	1	2	24
8	2	1	2	124
8	2	1	2	88
8	2	1	2	124
8	2	1	2	132
8	2	1	2	120
8	2	1	2	120
8	2	1	2	12
8	2	1	2	44
8	2	1	2	12
8	2	1	2	16
8	2	1	2	20
8	2	1	2	128
8	2	1	2	108
8	2	1	2	124
8	2	1	2	52
8	2	1	2	120
8	2	1	2	52
8	2	1	2	12
8	2	1	2	64
8	2	1	2	16
8	2	1	2	40
8	2	1	2	56
8	2	1	2	52
8	2	1	2	48
8	2	1	2	44
8	2	1	2	40
8	2	1	2	56
8	2	1	2	44
8	2	1	2	88
8	2	1	2	56
8	2	1	2	44
8	2	1	2	20
8	2	1	2	80
8	2	1	2	52
8	2	1	2	32
8	2	1	2	52
8	2	1	2	60
8	2	1	2	48
8	2	1	2	16
8	2	1	2	104
8	2	1	2	16
8	2	1	2	16
8	2	1	2	104
8	2	1	2	148
8	2	1	2	12
8	2	1	2	28
8	2	1	2	52
8	2	1	2	52
8	2	1	2	32
8	2	1	2	80
8	2	1	2	52
8	2	1	2	60
8	2	1	2	52
8	2	1	2	112
8	2	1	2	52
8	2	1	2	120
8	2	1	2	88
8	2	1	2	52
8	2	1	2	52
8	2	1	2	60
8	2	1	2	52
8	2	1	2	60
8	2	1	2	28
8	2	1	2	28
8	2	1	2	16
8	2	1	2	16
8	2	1	2	44
8	2	1	2	88
8	2	1	2	88
8	2	1	2	52
8	2	1	2	16
8	2	1	2	16
8	2	1	2	12
8	2	1	2	108
8	2	1	2	88
8	2	1	2	128
8	2	1	2	52
8	2	1	2	60
8	2	1	2	52
8	2	1	2	128
8	2	1	2	16
8	2	1	2	60
8	2	1	2	44
8	2	1	2	60
8	2	1	2	28
8	2	1	2	28
8	2	1	2	12
8	2	1	2	88
8	2	1	2	104
8	2	1	2	16
8	2	1	2	12
8	2	1	2	92
8	2	1	2	52
8	2	1	2	92
8	2	1	2	36
8	2	1	2	28
8	2	1	2	52
8	2	1	2	88
8	2	1	2	76
8	2	1	2	24
8	2	1	2	28
8	2	1	2	52
8	2	1	2	12
8	2	1	2	96
8	2	1	2	88
8	2	1	2	92
8	2	1	2	88
8	2	1	2	16
8	2	1	2	52
8	2	1	2	60
8	2	2	16
8	2	2	2	16
8	2	2	2	16
8	2	2	2	92
8	2	1	2	52
8	2	1	2	32
8	2	1	2	52
8	2	1	2	60
8	2	1	2	48
8	2	1	2	16
8	2	1	2	104
8	2	1	2	16
8	2	1	2	16
8	2	1	2	104
8	2	1	2	148
8	2	1	2	12
8	2	1	2	28
8	2	1	2	52
8	2	1	2	52
8	2	1	2	32
8	2	1	2	80
8	2	1	2	52
8	2	1	2	60
8	2	1	2	52
8	2	1	2	112
8	2	1	2	52
8	2	1	2	120
8	2	1	2	88
8	2	1	2	52
8	2	1	2	52
8	2	1	2	60
8	2	1	2	52
8	2	1	2	60
8	2	1	2	28
8	2	1	2	28
8	2	1	2	16
8	2	1	2	16
8	2	1	2	44
8	2	1	2	88
8	2	1	2	88
8	2	1	2	52
8	2	1	2	16
8	2	1	2	16
8	2	1	2	12
8	2	1	2	108
8	2	1	2	88
8	2	1	2	128
8	2	1	2	52
8	2	1	2	60
8	2	1	2	52
8	2	1	2	128
8	2	1	2	16
8	2	1	2	60
8	2	1	2	44
8	2	1	2	60
8	2	1	2	28
8	2	1	2	28
8	2	1	2	12
8	2	1	2	88
8	2	1	2	104
8	2	1	2	16
8	2	1	2	12
8	2	1	2	92
8	2	1	2	52
8	2	1	2	92
8	2	1	2	36
8	2	1	2	28
8	2	1	2	52
8	2	1	2	88
8	2	1	2	76
8	2	1	2	24
8	2	1	2	28
8	2	1	2	52
8	2	1	2	12
8	2	1	2	96
8	2	1	2	88
8	2	1	2	92
8	2	1	2	88
8	2	1	2	16
8	2	1	2	52
8	2	1	2	60
8	2	1	2	84
8	2	1	2	52
8	2	1	2	100
8	2	1	2	120
8	2	1	2	68
8	2	1	2	16
8	2	1	2	112
8	2	1	2	120
8	2	1	2	32
8	2	1	2	52
8	2	1	2	16
8	2	1	2	28
8	2	1	2	52
8	2	1	2	52
8	2	1	2	108
8	2	1	2	28
8	2	1	2	56
8	2	1	2	140
8	2	1	2	104
8	2	1	2	52
8	2	1	2	28
8	2	1	2	24
8	2	1	2	52
8	2	1	2	16
8	2	1	2	92
8	2	1	2	16
8	2	1	2	52
8	2	1	2	28
8	2	1	2	16
8	2	1	2	84
8	2	1	2	88
8	2	1	2	88
8	2	1	2	16
8	2	1	2	100
8	2	1	2	28
8	2	1	2	116
8	2	1	2	56
8	2	1	2	88
8	2	1	2	52
8	2	1	2	16
8	2	1	2	28
8	2	1	2	92
8	2	1	2	28
8	2	1	2	112
8	2	1	2	16
8	2	1	2	28
8	2	1	2	52
8	2	1	2	28
8	2	1	2	104
8	2	1	2	28
8	2	1	2	68
8	2	1	2	60
8	2	1	2	76
8	2	1	2	16
8	2	1	2	76
8	2	1	2	28
8	2	1	2	28
8	2	1	2	72
8	2	1	2	68
8	2	1	2	28
8	2	1	2	36
8	2	1	2	32
8	2	1	2	28
8	2	1	2	24
8	2	1	2	52
8	2	1	2	32
8	2	1	2	52
8	2	1	2	60
8	2	1	2	48
8	2	1	2	16
8	2	1	2	104
8	2	1	2	16
8	2	1	2	16
8	2	1	2	104
8	2	1	2	148
8	2	1	2	12
8	2	1	2	28
8	2	1	2	52
8	2	1	2	52
8	2	1	2	32
8	2	1	2	80
8	2	1	2	52
8	2	1	2	60
8	2	1	2	52
8	2	1	2	112
8	2	1	2	52
8	2	1	2	120
8	2	1	2	88
8	2	1	2	52
8	2	1	2	52
8	2	1	2	60
8	2	1	2	52
8	2	1	2	60
8	2	1	2	28
8	2	1	2	28
8	2	1	2	16
8	2	1	2	16
8	2	1	2	44
8	2	1	2	88
8	2	1	2	88
8	2	1	2	52
8	2	1	2	16
8	2	1	2	16
8	2	1	2	12
8	2	1	2	108
8	2	1	2	88
8	2	1	2	128
8	2	1	2	52
8	2	1	2	60
8	2	1	2	52
8	2	1	2	128
8	2	1	2	16
8	2	1	2	60
8	2	1	2	44
8	2	1	2	60
8	2	1	2	28
8	2	1	2	28
8	2	1	2	12
8	2	1	2	88
8	2	1	2	104
8	2	1	2	16
8	2	1	2	12
8	2	1	2	92
8	2	1	2	52
8	2	1	2	92
8	2	1	2	36
8	2	1	2	28
8	2	1	2	52
8	2	1	2	88
8	2	1	2	76
8	2	1	2	24
8	2	1	2	28
8	2	1	2	52
8	2	1	2	12
8	2	1	2	96
8	2	1	2	88
8	2	1	2	92
8	2	1	2	88
8	2	1	2	16
8	2	1	2	52
8	2	1	2	60
8	2	1	2	56
8	2	1	2	44
8	2	1	2	88
8	2	1	2	56
8	2	1	2	44
8	2	1	2	20
8	2	1	2	80
8	2	88
8	2	1	2	56
8	2	1	2	44
8	2	1	2	56
8	2	1	2	44
8	2	1	2	20
8	2	1	2	80
8	2	1	2	40
8	2	1	2	132
8	2	1	2	120
8	2	1	2	12
8	2	1	2	16
8	2	1	2	16
8	2	1	2	120
8	2	1	2	104
8	2	1	2	48
8	2	1	2	52
8	2	1	2	60
8	2	1	2	64
8	2	1	2	40
8	2	1	2	80
8	2	1	2	132
8	2	1	2	12
8	2	1	2	16
8	2	1	2	16
8	2	1	2	80
8	2	1	2	20
8	2	1	2	20
8	2	2	108
8	2	1	2	36
8	2	1	2	36
8	2	1	2	16
8	2	1	2	36
8	2	1	2	60
8	2	1	2	60
8	2	1	2	16
8	2	1	2	44
8	2	1	2	88
8	2	1	2	92
8	2	1	2	12
8	2	1	2	88
8	2	1	2	128
8	2	1	2	56
8	2	1	2	52
8	2	1	2	44
8	2	1	2	52
8	2	1	2	92
8	2	1	2	136
8	2	1	2	16
8	2	1	2	60
8	2	1	2	88
8	2	1	2	16
8	2	1	2	60
8	2	1	2	16
8	2	1	2	16
8	2	1	2	52
8	2	1	2	32
8	2	1	2	16
8	2	1	2	104
8	2	1	2	36
8	2	1	2	100
8	2	1	2	16
8	2	1	2	36
8	2	1	2	36
8	2	1	2	16
8	2	1	2	36
8	2	1	2	60
8	2	1	2	60
8	2	1	2	16
8	2	1	2	44
8	2	1	2	88
8	2	1	2	92
8	2	1	2	12
8	2	1	2	88
8	2	1	2	128
8	2	1	2	56
8	2	1	2	52
8	2	1	2	44
8	2	1	2	52
8	2	1	2	92
8	2	1	2	136
8	2	1	2	16
8	2	1	2	60
8	2	1	2	88
8	2	1	2	16
8	2	1	2	60
8	2	1	2	16
8	2	1	2	16
8	2	1	2	52
8	2	1	2	32
8	2	1	2	16
8	2	1	2	104
8	2	1	2	36
8	2	1	2	100
8	2	1	2	16
8	2	1	2	36
8	2	1	2	36
8	2	1	2	16
8	2	1	2	36
8	2	1	2	60
8	2	1	2	60
8	2	1	2	16
8	2	1	2	44
8	2	1	2	88
8	2	1	2	92
8	2	1	2	12
8	2	1	2	88
8	2	1	2	128
8	2	1	2	56
8	2	1	2	52
8	2	1	2	44
8	2	1	2	52
8	2	1	2	92
8	2	1	2	136
8	2	1	2	16
8	2	1	2	60
8	2	1	2	88
8	2	1	2	16
8	2	1	2	60
8	2	1	2	16
8	2	1	2	16
8	2	1	2	52
8	2	1	2	32
8	2	1	2	16
8	2	1	2	104
8	2	1	2	36
8	2	1	2	100
8	2	1	2	16
8	2	88
8	2	1	2	36
8	2	1	2	36
8	2	1	2	16
8	2	1	2	36
8	2	1	2	60
8	2	1	2	60
8	2	1	2	16
8	2	1	2	44
8	2	1	2	88
8	2	1	2	92
8	2	1	2	12
8	2	1	2	88
8	2	1	2	128
8	2	1	2	56
8	2	1	2	52
8	2	1	2	44
8	2	1	2	52
8	2	1	2	92
8	2	1	2	136
8	2	1	2	16
8	2	1	2	60
8	2	1	2	16
8	2	1	2	60
8	2	1	2	16
8	2	1	2	16
8	2	1	2	52
8	2	1	2	32
8	2	1	2	16
8	2	1	2	104
8	2	1	2	36
8	2	1	2	100
8	2	1	2	16
8	2	1	2	56
8	2	1	2	44
8	2	1	2	88
8	2	1	2	56
8	2	1	2	44
8	2	1	2	20
8	2	1	2	80
8	2	88
8	2	1	2	84
8	2	1	2	52
8	2	1	2	100
8	2	1	2	120
8	2	1	2	68
8	2	1	2	16
8	2	1	2	112
8	2	1	2	120
8	2	1	2	32
8	2	1	2	52
8	2	1	2	16
8	2	1	2	28
8	2	1	2	52
8	2	1	2	52
8	2	1	2	108
8	2	1	2	28
8	2	1	2	56
8	2	1	2	140
8	2	1	2	104
8	2	1	2	52
8	2	1	2	28
8	2	1	2	24
8	2	1	2	52
8	2	1	2	16
8	2	1	2	92
8	2	1	2	16
8	2	1	2	52
8	2	1	2	28
8	2	1	2	16
8	2	1	2	84
8	2	1	2	88
8	2	1	2	16
8	2	1	2	100
8	2	1	2	28
8	2	1	2	116
8	2	1	2	56
8	2	1	2	88
8	2	1	2	52
8	2	1	2	16
8	2	1	2	28
8	2	1	2	92
8	2	1	2	28
8	2	1	2	112
8	2	1	2	16
8	2	1	2	28
8	2	1	2	52
8	2	1	2	28
8	2	1	2	104
8	2	1	2	28
8	2	1	2	68
8	2	1	2	60
8	2	1	2	76
8	2	1	2	16
8	2	1	2	76
8	2	1	2	28
8	2	1	2	28
8	2	1	2	72
8	2	1	2	68
8	2	1	2	28
8	2	1	2	36
8	2	1	2	32
8	2	1	2	28
8	2	1	2	24
8	2	1	2	84
8	2	1	2	52
8	2	1	2	100
8	2	1	2	120
8	2	1	2	68
8	2	1	2	16
8	2	1	2	112
8	2	1	2	120
8	2	1	2	32
8	2	1	2	52
8	2	1	2	16
8	2	1	2	28
8	2	1	2	52
8	2	1	2	52
8	2	1	2	108
8	2	1	2	28
8	2	1	2	56
8	2	1	2	140
8	2	1	2	104
8	2	1	2	52
8	2	1	2	28
8	2	1	2	24
8	2	1	2	52
8	2	1	2	16
8	2	1	2	92
8	2	1	2	16
8	2	1	2	52
8	2	1	2	28
8	2	1	2	16
8	2	1	2	84
8	2	1	2	88
8	2	1	2	88
8	2	1	2	16
8	2	1	2	100
8	2	1	2	28
8	2	1	2	116
8	2	1	2	56
8	2	1	2	88
8	2	1	2	52
8	2	1	2	16
8	2	1	2	28
8	2	1	2	92
8	2	1	2	28
8	2	1	2	112
8	2	1	2	16
8	2	1	2	28
8	2	1	2	52
8	2	1	2	28
8	2	1	2	104
8	2	1	2	28
8	2	1	2	68
8	2	1	2	60
8	2	1	2	76
8	2	1	2	16
8	2	1	2	76
8	2	1	2	28
8	2	1	2	28
8	2	1	2	72
8	2	1	2	68
8	2	1	2	28
8	2	1	2	36
8	2	1	2	32
8	2	1	2	28
8	2	1	2	24
8	2	1	2	84
8	2	1	2	52
8	2	1	2	100
8	2	1	2	120
8	2	1	2	68
8	2	1	2	16
8	2	1	2	112
8	2	1	2	120
8	2	1	2	32
8	2	1	2	52
8	2	1	2	16
8	2	1	2	28
8	2	1	2	52
8	2	1	2	52
8	2	1	2	108
8	2	1	2	28
8	2	1	2	56
8	2	1	2	140
8	2	1	2	104
8	2	1	2	52
8	2	1	2	28
8	2	1	2	24
8	2	1	2	52
8	2	1	2	16
8	2	1	2	92
8	2	1	2	16
8	2	1	2	52
8	2	1	2	28
8	2	1	2	16
8	2	1	2	84
8	2	1	2	88
8	2	1	2	88
8	2	1	2	16
8	2	1	2	100
8	2	1	2	28
8	2	1	2	116
8	2	1	2	56
8	2	1	2	88
8	2	1	2	52
8	2	1	2	16
8	2	1	2	28
8	2	1	2	92
8	2	1	2	28
8	2	1	2	112
8	2	1	2	16
8	2	1	2	28
8	2	1	2	52
8	2	1	2	28
8	2	1	2	104
8	2	1	2	28
8	2	1	2	68
8	2	1	2	60
8	2	1	2	76
8	2	1	2	16
8	2	1	2	76
8	2	1	2	28
8	2	1	2	28
8	2	1	2	72
8	2	1	2	68
8	2	1	2	28
8	2	1	2	36
8	2	1	2	32
8	2	1	2	28
8	2	1	2	24
8	2	1	2	56
8	2	1	2	44
8	2	1	2	88
8	2	1	2	56
8	2	1	2	44
8	2	1	2	20
8	2	1	2	80
8	2	1	2	56
8	2	1	2	44
8	2	1	2	88
8	2	1	2	56
8	2	1	2	44
8	2	1	2	20
8	2	1	2	80
8	2	1	2	40
8	2	1	2	132
8	2	1	2	120
8	2	1	2	12
8	2	1	2	16
8	2	1	2	16
8	2	1	2	120
8	2	1	2	104
8	2	1	2	48
8	2	1	2	52
8	2	1	2	60
8	2	1	2	64
8	2	1	2	40
8	2	1	2	80
8	2	1	2	132
8	2	1	2	12
8	2	1	2	16
8	2	1	2	16
8	2	1	2	80
8	2	1	2	20
8	2	1	2	20
8	2	1	2	24
8	2	1	2	124
8	2	1	2	88
8	2	1	2	124
8	2	1	2	132
8	2	1	2	120
8	2	1	2	120
8	2	1	2	12
8	2	1	2	44
8	2	1	2	12
8	2	1	2	16
8	2	1	2	20
8	2	1	2	128
8	2	1	2	108
8	2	1	2	124
8	2	1	2	52
8	2	1	2	120
8	2	1	2	52
8	2	1	2	12
8	2	1	2	64
8	2	1	2	16
8	2	1	2	40
8	2	1	2	56
8	2	1	2	52
8	2	1	2	48
8	2	1	2	44
8	2	1	2	40
8	2	1	2	40
8	2	1	2	132
8	2	1	2	120
8	2	1	2	12
8	2	1	2	16
8	2	1	2	16
8	2	1	2	120
8	2	1	2	104
8	2	1	2	48
8	2	1	2	52
8	2	1	2	60
8	2	1	2	64
8	2	1	2	40
8	2	1	2	80
8	2	1	2	132
8	2	1	2	12
8	2	1	2	16
8	2	1	2	16
8	2	1	2	80
8	2	1	2	20
8	2	1	2	20
8	2	1	2	36
8	2	1	2	16
12	2	1	2	52
12	2	1	2	32
12	2	1	2	52
12	2	1	2	60
12	2	1	2	48
12	2	1	2	16
12	2	1	2	104
12	2	1	2	16
12	2	1	2	16
12	2	1	2	104
12	2	1	2	148
12	2	1	2	28
12	2	1	2	52
12	2	1	2	52
12	2	1	2	32
12	2	1	2	80
12	2	1	2	52
12	2	1	2	60
12	2	1	2	52
12	2	1	2	112
12	2	1	2	52
12	2	1	2	120
12	2	1	2	88
12	2	1	2	52
12	2	1	2	52
12	2	1	2	60
12	2	1	2	52
12	2	1	2	60
12	2	1	2	28
12	2	1	2	28
12	2	1	2	16
12	2	1	2	16
12	2	1	2	44
12	2	1	2	88
12	2	1	2	88
12	2	1	2	52
12	2	1	2	16
12	2	1	2	16
12	2	1	2	108
12	2	1	2	88
12	2	1	2	128
12	2	1	2	52
12	2	1	2	60
12	2	1	2	52
12	2	1	2	128
12	2	1	2	16
12	2	1	2	60
12	2	1	2	44
12	2	1	2	60
12	2	1	2	28
12	2	1	2	28
12	2	1	2	88
12	2	1	2	104
12	2	1	2	16
12	2	1	2	92
12	2	1	2	52
12	2	1	2	92
12	2	1	2	36
12	2	1	2	28
12	2	1	2	52
12	2	1	2	88
12	2	1	2	76
12	2	1	2	24
12	2	1	2	28
12	2	1	2	52
12	2	1	2	96
12	2	1	2	88
12	2	1	2	92
12	2	1	2	88
12	2	1	2	16
12	2	1	2	52
12	2	1	2	60
12	2	2	88
12	2	2	44
12	2	1	2	24
12	2	1	2	124
12	2	1	2	88
12	2	1	2	124
12	2	1	2	132
12	2	1	2	120
12	2	1	2	120
12	2	1	2	44
12	2	1	2	16
12	2	1	2	20
12	2	1	2	128
12	2	1	2	108
12	2	1	2	124
12	2	1	2	52
12	2	1	2	120
12	2	1	2	52
12	2	1	2	64
12	2	1	2	16
12	2	1	2	40
12	2	1	2	56
12	2	1	2	52
12	2	1	2	48
12	2	1	2	44
12	2	1	2	40
12	2	1	2	52
12	2	1	2	120
12	2	1	2	40
12	2	1	2	132
12	2	1	2	120
12	2	1	2	16
12	2	1	2	16
12	2	1	2	120
12	2	1	2	104
12	2	1	2	48
12	2	1	2	52
12	2	1	2	60
12	2	1	2	64
12	2	1	2	40
12	2	1	2	80
12	2	1	2	132
12	2	1	2	16
12	2	1	2	16
12	2	1	2	80
12	2	1	2	20
12	2	1	2	20
12	2	1	2	52
12	2	1	2	32
12	2	1	2	52
12	2	1	2	60
12	2	1	2	48
12	2	1	2	16
12	2	1	2	104
12	2	1	2	16
12	2	1	2	16
12	2	1	2	104
12	2	1	2	148
12	2	1	2	28
12	2	1	2	52
12	2	1	2	52
12	2	1	2	32
12	2	1	2	80
12	2	1	2	52
12	2	1	2	60
12	2	1	2	52
12	2	1	2	112
12	2	1	2	52
12	2	1	2	120
12	2	1	2	88
12	2	1	2	52
12	2	1	2	52
12	2	1	2	60
12	2	1	2	52
12	2	1	2	60
12	2	1	2	28
12	2	1	2	28
12	2	1	2	16
12	2	1	2	16
12	2	1	2	44
12	2	1	2	88
12	2	1	2	88
12	2	1	2	52
12	2	1	2	16
12	2	1	2	16
12	2	1	2	108
12	2	1	2	88
12	2	1	2	128
12	2	1	2	52
12	2	1	2	60
12	2	1	2	52
12	2	1	2	128
12	2	1	2	16
12	2	1	2	60
12	2	1	2	44
12	2	1	2	60
12	2	1	2	28
12	2	1	2	28
12	2	1	2	88
12	2	1	2	104
12	2	1	2	16
12	2	1	2	92
12	2	1	2	52
12	2	1	2	92
12	2	1	2	36
12	2	1	2	28
12	2	1	2	52
12	2	1	2	88
12	2	1	2	76
12	2	1	2	24
12	2	1	2	28
12	2	1	2	52
12	2	1	2	96
12	2	1	2	88
12	2	1	2	92
12	2	1	2	88
12	2	1	2	16
12	2	1	2	52
12	2	1	2	60
12	2	1	2	52
12	2	1	2	32
12	2	1	2	52
12	2	1	2	60
12	2	1	2	48
12	2	1	2	16
12	2	1	2	104
12	2	1	2	16
12	2	1	2	16
12	2	1	2	104
12	2	1	2	148
12	2	1	2	28
12	2	1	2	52
12	2	1	2	52
12	2	1	2	32
12	2	1	2	80
12	2	1	2	52
12	2	1	2	60
12	2	1	2	52
12	2	1	2	112
12	2	1	2	52
12	2	1	2	120
12	2	1	2	88
12	2	1	2	52
12	2	1	2	52
12	2	1	2	60
12	2	1	2	52
12	2	1	2	60
12	2	1	2	28
12	2	1	2	28
12	2	1	2	16
12	2	1	2	16
12	2	1	2	44
12	2	1	2	88
12	2	1	2	88
12	2	1	2	52
12	2	1	2	16
12	2	1	2	16
12	2	1	2	108
12	2	1	2	88
12	2	1	2	128
12	2	1	2	52
12	2	1	2	60
12	2	1	2	52
12	2	1	2	128
12	2	1	2	16
12	2	1	2	60
12	2	1	2	44
12	2	1	2	60
12	2	1	2	28
12	2	1	2	28
12	2	1	2	88
12	2	1	2	104
12	2	1	2	16
12	2	1	2	92
12	2	1	2	52
12	2	1	2	92
12	2	1	2	36
12	2	1	2	28
12	2	1	2	52
12	2	1	2	88
12	2	1	2	76
12	2	1	2	24
12	2	1	2	28
12	2	1	2	52
12	2	1	2	96
12	2	1	2	88
12	2	1	2	92
12	2	1	2	88
12	2	1	2	16
12	2	1	2	52
12	2	1	2	60
12	2	1	2	16
12	2	1	2	100
12	2	1	2	16
12	2	1	2	80
12	2	1	2	16
12	2	1	2	16
12	2	1	2	16
12	2	1	2	52
12	2	1	2	32
12	2	1	2	52
12	2	1	2	60
12	2	1	2	48
12	2	1	2	16
12	2	1	2	104
12	2	1	2	16
12	2	1	2	16
12	2	1	2	104
12	2	1	2	148
12	2	1	2	28
12	2	1	2	52
12	2	1	2	52
12	2	1	2	32
12	2	1	2	80
12	2	1	2	52
12	2	1	2	60
12	2	1	2	52
12	2	1	2	112
12	2	1	2	52
12	2	1	2	120
12	2	1	2	88
12	2	1	2	52
12	2	1	2	52
12	2	1	2	60
12	2	1	2	52
12	2	1	2	60
12	2	1	2	28
12	2	1	2	28
12	2	1	2	16
12	2	1	2	16
12	2	1	2	44
12	2	1	2	88
12	2	1	2	88
12	2	1	2	52
12	2	1	2	16
12	2	1	2	16
12	2	1	2	108
12	2	1	2	88
12	2	1	2	128
12	2	1	2	52
12	2	1	2	60
12	2	1	2	52
12	2	1	2	128
12	2	1	2	16
12	2	1	2	60
12	2	1	2	44
12	2	1	2	60
12	2	1	2	28
12	2	1	2	28
12	2	1	2	88
12	2	1	2	104
12	2	1	2	16
12	2	1	2	92
12	2	1	2	52
12	2	1	2	92
12	2	1	2	36
12	2	1	2	28
12	2	1	2	52
12	2	1	2	88
12	2	1	2	76
12	2	1	2	24
12	2	1	2	28
12	2	1	2	52
12	2	1	2	96
12	2	1	2	88
12	2	1	2	92
12	2	1	2	88
12	2	1	2	16
12	2	1	2	52
12	2	1	2	60
12	2	1	2	52
12	2	1	2	120
12	2	1	2	36
12	2	1	2	36
12	2	1	2	16
12	2	1	2	36
12	2	1	2	60
12	2	1	2	60
12	2	1	2	16
12	2	1	2	44
12	2	1	2	88
12	2	1	2	92
12	2	1	2	88
12	2	1	2	128
12	2	1	2	56
12	2	1	2	52
12	2	1	2	44
12	2	1	2	52
12	2	1	2	92
12	2	1	2	136
12	2	1	2	16
12	2	1	2	60
12	2	1	2	88
12	2	1	2	16
12	2	1	2	60
12	2	1	2	16
12	2	1	2	16
12	2	1	2	52
12	2	1	2	32
12	2	1	2	16
12	2	1	2	104
12	2	1	2	36
12	2	1	2	100
12	2	1	2	16
12	2	1	2	40
12	2	1	2	132
12	2	1	2	120
12	2	1	2	16
12	2	1	2	16
12	2	1	2	120
12	2	1	2	104
12	2	1	2	48
12	2	1	2	52
12	2	1	2	60
12	2	1	2	64
12	2	1	2	40
12	2	1	2	80
12	2	1	2	132
12	2	1	2	16
12	2	1	2	16
12	2	1	2	80
12	2	1	2	20
12	2	1	2	20
12	2	1	2	24
12	2	1	2	124
12	2	1	2	88
12	2	1	2	124
12	2	1	2	132
12	2	1	2	120
12	2	1	2	120
12	2	1	2	44
12	2	1	2	16
12	2	1	2	20
12	2	1	2	128
12	2	1	2	108
12	2	1	2	124
12	2	1	2	52
12	2	1	2	120
12	2	1	2	52
12	2	1	2	64
12	2	1	2	16
12	2	1	2	40
12	2	1	2	56
12	2	1	2	52
12	2	1	2	48
12	2	1	2	44
12	2	1	2	40
12	2	1	2	52
12	2	1	2	32
12	2	1	2	52
12	2	1	2	60
12	2	1	2	48
12	2	1	2	16
12	2	1	2	104
12	2	1	2	16
12	2	1	2	16
12	2	1	2	104
12	2	1	2	148
12	2	1	2	28
12	2	1	2	52
12	2	1	2	52
12	2	1	2	32
12	2	1	2	80
12	2	1	2	52
12	2	1	2	60
12	2	1	2	52
12	2	1	2	112
12	2	1	2	52
12	2	1	2	120
12	2	1	2	88
12	2	1	2	52
12	2	1	2	52
12	2	1	2	60
12	2	1	2	52
12	2	1	2	60
12	2	1	2	28
12	2	1	2	28
12	2	1	2	16
12	2	1	2	16
12	2	1	2	44
12	2	1	2	88
12	2	1	2	88
12	2	1	2	52
12	2	1	2	16
12	2	1	2	16
12	2	1	2	108
12	2	1	2	88
12	2	1	2	128
12	2	1	2	52
12	2	1	2	60
12	2	1	2	52
12	2	1	2	128
12	2	1	2	16
12	2	1	2	60
12	2	1	2	44
12	2	1	2	60
12	2	1	2	28
12	2	1	2	28
12	2	1	2	88
12	2	1	2	104
12	2	1	2	16
12	2	1	2	92
12	2	1	2	52
12	2	1	2	92
12	2	1	2	36
12	2	1	2	28
12	2	1	2	52
12	2	1	2	88
12	2	1	2	76
12	2	1	2	24
12	2	1	2	28
12	2	1	2	52
12	2	1	2	96
12	2	1	2	88
12	2	1	2	92
12	2	1	2	88
12	2	1	2	16
12	2	1	2	52
12	2	1	2	60
12	2	1	2	24
12	2	1	2	124
12	2	1	2	88
12	2	1	2	124
12	2	1	2	132
12	2	1	2	120
12	2	1	2	120
12	2	1	2	44
12	2	1	2	16
12	2	1	2	20
12	2	1	2	128
12	2	1	2	108
12	2	1	2	124
12	2	1	2	52
12	2	1	2	120
12	2	1	2	52
12	2	1	2	64
12	2	1	2	16
12	2	1	2	40
12	2	1	2	56
12	2	1	2	52
12	2	1	2	48
12	2	1	2	44
12	2	1	2	40
12	2	1	2	16
12	2	1	2	100
12	2	1	2	16
12	2	1	2	80
12	2	1	2	16
12	2	1	2	16
12	2	1	2	16
16	2	1	2	52
16	2	1	2	32
16	2	1	2	52
16	2	1	2	60
16	2	1	2	48
16	2	1	2	104
16	2	1	2	104
16	2	1	2	148
16	2	1	2	28
16	2	1	2	52
16	2	1	2	52
16	2	1	2	32
16	2	1	2	80
16	2	1	2	52
16	2	1	2	60
16	2	1	2	52
16	2	1	2	112
16	2	1	2	52
16	2	1	2	120
16	2	1	2	88
16	2	1	2	52
16	2	1	2	52
16	2	1	2	60
16	2	1	2	52
16	2	1	2	60
16	2	1	2	28
16	2	1	2	28
16	2	1	2	44
16	2	1	2	88
16	2	1	2	88
16	2	1	2	52
16	2	1	2	108
16	2	1	2	88
16	2	1	2	128
16	2	1	2	52
16	2	1	2	60
16	2	1	2	52
16	2	1	2	128
16	2	1	2	60
16	2	1	2	44
16	2	1	2	60
16	2	1	2	28
16	2	1	2	28
16	2	1	2	88
16	2	1	2	104
16	2	1	2	92
16	2	1	2	52
16	2	1	2	92
16	2	1	2	36
16	2	1	2	28
16	2	1	2	52
16	2	1	2	88
16	2	1	2	76
16	2	1	2	24
16	2	1	2	28
16	2	1	2	52
16	2	1	2	96
16	2	1	2	88
16	2	1	2	92
16	2	1	2	88
16	2	1	2	52
16	2	1	2	60
16	2	1	2	52
16	2	1	2	32
16	2	1	2	52
16	2	1	2	60
16	2	1	2	48
16	2	1	2	104
16	2	1	2	104
16	2	1	2	148
16	2	1	2	28
16	2	1	2	52
16	2	1	2	52
16	2	1	2	32
16	2	1	2	80
16	2	1	2	52
16	2	1	2	60
16	2	1	2	52
16	2	1	2	112
16	2	1	2	52
16	2	1	2	120
16	2	1	2	88
16	2	1	2	52
16	2	1	2	52
16	2	1	2	60
16	2	1	2	52
16	2	1	2	60
16	2	1	2	28
16	2	1	2	28
16	2	1	2	44
16	2	1	2	88
16	2	1	2	88
16	2	1	2	52
16	2	1	2	108
16	2	1	2	88
16	2	1	2	128
16	2	1	2	52
16	2	1	2	60
16	2	1	2	52
16	2	1	2	128
16	2	1	2	60
16	2	1	2	44
16	2	1	2	60
16	2	1	2	28
16	2	1	2	28
16	2	1	2	88
16	2	1	2	104
16	2	1	2	92
16	2	1	2	52
16	2	1	2	92
16	2	1	2	36
16	2	1	2	28
16	2	1	2	52
16	2	1	2	88
16	2	1	2	76
16	2	1	2	24
16	2	1	2	28
16	2	1	2	52
16	2	1	2	96
16	2	1	2	88
16	2	1	2	92
16	2	1	2	88
16	2	1	2	52
16	2	1	2	60
16	2	2	2	100
16	2	2	2	28
16	2	1	2	52
16	2	1	2	32
16	2	1	2	52
16	2	1	2	60
16	2	1	2	48
16	2	1	2	104
16	2	1	2	104
16	2	1	2	148
16	2	1	2	28
16	2	1	2	52
16	2	1	2	52
16	2	1	2	32
16	2	1	2	80
16	2	1	2	52
16	2	1	2	60
16	2	1	2	52
16	2	1	2	112
16	2	1	2	52
16	2	1	2	120
16	2	1	2	88
16	2	1	2	52
16	2	1	2	52
16	2	1	2	60
16	2	1	2	52
16	2	1	2	60
16	2	1	2	28
16	2	1	2	28
16	2	1	2	44
16	2	1	2	88
16	2	1	2	88
16	2	1	2	52
16	2	1	2	108
16	2	1	2	88
16	2	1	2	128
16	2	1	2	52
16	2	1	2	60
16	2	1	2	52
16	2	1	2	128
16	2	1	2	60
16	2	1	2	44
16	2	1	2	60
16	2	1	2	28
16	2	1	2	28
16	2	1	2	88
16	2	1	2	104
16	2	1	2	92
16	2	1	2	52
16	2	1	2	92
16	2	1	2	36
16	2	1	2	28
16	2	1	2	52
16	2	1	2	88
16	2	1	2	76
16	2	1	2	24
16	2	1	2	28
16	2	1	2	52
16	2	1	2	96
16	2	1	2	88
16	2	1	2	92
16	2	1	2	88
16	2	1	2	52
16	2	1	2	60
16	2	1	2	144
16	2	1	2	136
16	2	1	2	52
16	2	1	2	52
16	2	2	2	52
16	2	1	2	52
16	2	1	2	32
16	2	1	2	52
16	2	1	2	60
16	2	1	2	48
16	2	1	2	104
16	2	1	2	104
16	2	1	2	148
16	2	1	2	28
16	2	1	2	52
16	2	1	2	52
16	2	1	2	32
16	2	1	2	80
16	2	1	2	52
16	2	1	2	60
16	2	1	2	52
16	2	1	2	112
16	2	1	2	52
16	2	1	2	120
16	2	1	2	88
16	2	1	2	52
16	2	1	2	52
16	2	1	2	60
16	2	1	2	52
16	2	1	2	60
16	2	1	2	28
16	2	1	2	28
16	2	1	2	44
16	2	1	2	88
16	2	1	2	88
16	2	1	2	52
16	2	1	2	108
16	2	1	2	88
16	2	1	2	128
16	2	1	2	52
16	2	1	2	60
16	2	1	2	52
16	2	1	2	128
16	2	1	2	60
16	2	1	2	44
16	2	1	2	60
16	2	1	2	28
16	2	1	2	28
16	2	1	2	88
16	2	1	2	104
16	2	1	2	92
16	2	1	2	52
16	2	1	2	92
16	2	1	2	36
16	2	1	2	28
16	2	1	2	52
16	2	1	2	88
16	2	1	2	76
16	2	1	2	24
16	2	1	2	28
16	2	1	2	52
16	2	1	2	96
16	2	1	2	88
16	2	1	2	92
16	2	1	2	88
16	2	1	2	52
16	2	1	2	60
16	2	1	2	52
16	2	1	2	32
16	2	1	2	52
16	2	1	2	60
16	2	1	2	48
16	2	1	2	104
16	2	1	2	104
16	2	1	2	148
16	2	1	2	28
16	2	1	2	52
16	2	1	2	52
16	2	1	2	32
16	2	1	2	80
16	2	1	2	52
16	2	1	2	60
16	2	1	2	52
16	2	1	2	112
16	2	1	2	52
16	2	1	2	120
16	2	1	2	88
16	2	1	2	52
16	2	1	2	52
16	2	1	2	60
16	2	1	2	52
16	2	1	2	60
16	2	1	2	28
16	2	1	2	28
16	2	1	2	44
16	2	1	2	88
16	2	1	2	88
16	2	1	2	52
16	2	1	2	108
16	2	1	2	88
16	2	1	2	128
16	2	1	2	52
16	2	1	2	60
16	2	1	2	52
16	2	1	2	128
16	2	1	2	60
16	2	1	2	44
16	2	1	2	60
16	2	1	2	28
16	2	1	2	28
16	2	1	2	88
16	2	1	2	104
16	2	1	2	92
16	2	1	2	52
16	2	1	2	92
16	2	1	2	36
16	2	1	2	28
16	2	1	2	52
16	2	1	2	88
16	2	1	2	76
16	2	1	2	24
16	2	1	2	28
16	2	1	2	52
16	2	1	2	96
16	2	1	2	88
16	2	1	2	92
16	2	1	2	88
16	2	1	2	52
16	2	1	2	60
16	2	1	2	100
16	2	1	2	80
16	2	1	2	100
16	2	1	2	80
16	2	52
16	2	1	2	52
16	2	1	2	32
16	2	1	2	52
16	2	1	2	60
16	2	1	2	48
16	2	1	2	104
16	2	1	2	104
16	2	1	2	148
16	2	1	2	28
16	2	1	2	52
16	2	1	2	52
16	2	1	2	32
16	2	1	2	80
16	2	1	2	52
16	2	1	2	60
16	2	1	2	52
16	2	1	2	112
16	2	1	2	52
16	2	1	2	120
16	2	1	2	88
16	2	1	2	52
16	2	1	2	52
16	2	1	2	60
16	2	1	2	52
16	2	1	2	60
16	2	1	2	28
16	2	1	2	28
16	2	1	2	44
16	2	1	2	88
16	2	1	2	88
16	2	1	2	108
16	2	1	2	88
16	2	1	2	128
16	2	1	2	52
16	2	1	2	60
16	2	1	2	52
16	2	1	2	128
16	2	1	2	60
16	2	1	2	44
16	2	1	2	60
16	2	1	2	28
16	2	1	2	28
16	2	1	2	88
16	2	1	2	104
16	2	1	2	92
16	2	1	2	52
16	2	1	2	92
16	2	1	2	36
16	2	1	2	28
16	2	1	2	52
16	2	1	2	88
16	2	1	2	76
16	2	1	2	24
16	2	1	2	28
16	2	1	2	52
16	2	1	2	96
16	2	1	2	88
16	2	1	2	92
16	2	1	2	88
16	2	1	2	52
16	2	1	2	60
16	2	1	2	52
16	2	1	2	32
16	2	1	2	52
16	2	1	2	60
16	2	1	2	48
16	2	1	2	104
16	2	1	2	104
16	2	1	2	148
16	2	1	2	28
16	2	1	2	52
16	2	1	2	52
16	2	1	2	32
16	2	1	2	80
16	2	1	2	52
16	2	1	2	60
16	2	1	2	52
16	2	1	2	112
16	2	1	2	52
16	2	1	2	120
16	2	1	2	88
16	2	1	2	52
16	2	1	2	52
16	2	1	2	60
16	2	1	2	52
16	2	1	2	60
16	2	1	2	28
16	2	1	2	28
16	2	1	2	44
16	2	1	2	88
16	2	1	2	88
16	2	1	2	52
16	2	1	2	108
16	2	1	2	88
16	2	1	2	128
16	2	1	2	52
16	2	1	2	60
16	2	1	2	52
16	2	1	2	128
16	2	1	2	60
16	2	1	2	44
16	2	1	2	60
16	2	1	2	28
16	2	1	2	28
16	2	1	2	88
16	2	1	2	104
16	2	1	2	92
16	2	1	2	52
16	2	1	2	92
16	2	1	2	36
16	2	1	2	28
16	2	1	2	52
16	2	1	2	88
16	2	1	2	76
16	2	1	2	24
16	2	1	2	28
16	2	1	2	52
16	2	1	2	96
16	2	1	2	88
16	2	1	2	92
16	2	1	2	88
16	2	1	2	52
16	2	1	2	60
16	2	1	2	52
16	2	1	2	32
16	2	1	2	52
16	2	1	2	60
16	2	1	2	48
16	2	1	2	104
16	2	1	2	104
16	2	1	2	148
16	2	1	2	28
16	2	1	2	52
16	2	1	2	52
16	2	1	2	32
16	2	1	2	80
16	2	1	2	52
16	2	1	2	60
16	2	1	2	52
16	2	1	2	112
16	2	1	2	52
16	2	1	2	120
16	2	1	2	88
16	2	1	2	52
16	2	1	2	52
16	2	1	2	60
16	2	1	2	52
16	2	1	2	60
16	2	1	2	28
16	2	1	2	28
16	2	1	2	44
16	2	1	2	88
16	2	1	2	88
16	2	1	2	52
16	2	1	2	108
16	2	1	2	88
16	2	1	2	128
16	2	1	2	52
16	2	1	2	60
16	2	1	2	52
16	2	1	2	128
16	2	1	2	60
16	2	1	2	44
16	2	1	2	60
16	2	1	2	28
16	2	1	2	28
16	2	1	2	88
16	2	1	2	104
16	2	1	2	92
16	2	1	2	52
16	2	1	2	92
16	2	1	2	36
16	2	1	2	28
16	2	1	2	52
16	2	1	2	88
16	2	1	2	76
16	2	1	2	24
16	2	1	2	28
16	2	1	2	52
16	2	1	2	96
16	2	1	2	88
16	2	1	2	92
16	2	1	2	88
16	2	1	2	52
16	2	1	2	60
16	2	1	2	52
16	2	1	2	32
16	2	1	2	52
16	2	1	2	60
16	2	1	2	48
16	2	1	2	104
16	2	1	2	104
16	2	1	2	148
16	2	1	2	28
16	2	1	2	52
16	2	1	2	52
16	2	1	2	32
16	2	1	2	80
16	2	1	2	52
16	2	1	2	60
16	2	1	2	52
16	2	1	2	112
16	2	1	2	52
16	2	1	2	120
16	2	1	2	88
16	2	1	2	52
16	2	1	2	52
16	2	1	2	60
16	2	1	2	52
16	2	1	2	60
16	2	1	2	28
16	2	1	2	28
16	2	1	2	44
16	2	1	2	88
16	2	1	2	88
16	2	1	2	52
16	2	1	2	108
16	2	1	2	88
16	2	1	2	128
16	2	1	2	52
16	2	1	2	60
16	2	1	2	52
16	2	1	2	128
16	2	1	2	60
16	2	1	2	44
16	2	1	2	60
16	2	1	2	28
16	2	1	2	28
16	2	1	2	88
16	2	1	2	104
16	2	1	2	92
16	2	1	2	52
16	2	1	2	92
16	2	1	2	36
16	2	1	2	28
16	2	1	2	52
16	2	1	2	88
16	2	1	2	76
16	2	1	2	24
16	2	1	2	28
16	2	1	2	52
16	2	1	2	96
16	2	1	2	88
16	2	1	2	92
16	2	1	2	88
16	2	1	2	52
16	2	1	2	60
16	2	2	2	52
16	2	1	2	84
16	2	1	2	52
16	2	1	2	100
16	2	1	2	120
16	2	1	2	68
16	2	1	2	112
16	2	1	2	120
16	2	1	2	32
16	2	1	2	52
16	2	1	2	28
16	2	1	2	52
16	2	1	2	52
16	2	1	2	108
16	2	1	2	28
16	2	1	2	56
16	2	1	2	140
16	2	1	2	104
16	2	1	2	52
16	2	1	2	28
16	2	1	2	24
16	2	1	2	52
16	2	1	2	92
16	2	1	2	52
16	2	1	2	28
16	2	1	2	84
16	2	1	2	88
16	2	1	2	88
16	2	1	2	100
16	2	1	2	28
16	2	1	2	116
16	2	1	2	56
16	2	1	2	88
16	2	1	2	52
16	2	1	2	28
16	2	1	2	92
16	2	1	2	28
16	2	1	2	112
16	2	1	2	28
16	2	1	2	52
16	2	1	2	28
16	2	1	2	104
16	2	1	2	28
16	2	1	2	68
16	2	1	2	60
16	2	1	2	76
16	2	1	2	76
16	2	1	2	28
16	2	1	2	28
16	2	1	2	72
16	2	1	2	68
16	2	1	2	28
16	2	1	2	36
16	2	1	2	32
16	2	1	2	28
16	2	1	2	24
16	2	1	2	36
16	2	1	2	84
16	2	1	2	52
16	2	1	2	100
16	2	1	2	120
16	2	1	2	68
16	2	1	2	112
16	2	1	2	120
16	2	1	2	32
16	2	1	2	52
16	2	1	2	28
16	2	1	2	52
16	2	1	2	52
16	2	1	2	108
16	2	1	2	28
16	2	1	2	56
16	2	1	2	140
16	2	1	2	104
16	2	1	2	52
16	2	1	2	28
16	2	1	2	24
16	2	1	2	52
16	2	1	2	92
16	2	1	2	52
16	2	1	2	28
16	2	1	2	84
16	2	1	2	88
16	2	1	2	88
16	2	1	2	100
16	2	1	2	28
16	2	1	2	116
16	2	1	2	56
16	2	1	2	88
16	2	1	2	52
16	2	1	2	28
16	2	1	2	92
16	2	1	2	28
16	2	1	2	112
16	2	1	2	28
16	2	1	2	52
16	2	1	2	28
16	2	1	2	104
16	2	1	2	28
16	2	1	2	68
16	2	1	2	60
16	2	1	2	76
16	2	1	2	76
16	2	1	2	28
16	2	1	2	28
16	2	1	2	72
16	2	1	2	68
16	2	1	2	28
16	2	1	2	36
16	2	1	2	32
16	2	1	2	28
16	2	1	2	24
16	2	2	2	92
16	2	1	2	40
16	2	1	2	132
16	2	1	2	120
16	2	1	2	120
16	2	1	2	104
16	2	1	2	48
16	2	1	2	52
16	2	1	2	60
16	2	1	2	64
16	2	1	2	40
16	2	1	2	80
16	2	1	2	132
16	2	1	2	80
16	2	1	2	20
16	2	1	2	20
16	2	1	2	36
16	2	1	2	36
16	2	1	2	36
16	2	1	2	60
16	2	1	2	60
16	2	1	2	44
16	2	1	2	88
16	2	1	2	92
16	2	1	2	88
16	2	1	2	128
16	2	1	2	56
16	2	1	2	52
16	2	1	2	44
16	2	1	2	52
16	2	1	2	92
16	2	1	2	136
16	2	1	2	60
16	2	1	2	88
16	2	1	2	60
16	2	1	2	52
16	2	1	2	32
16	2	1	2	104
16	2	1	2	36
16	2	1	2	100
16	2	1	2	40
16	2	1	2	132
16	2	1	2	120
16	2	1	2	120
16	2	1	2	104
16	2	1	2	48
16	2	1	2	52
16	2	1	2	60
16	2	1	2	64
16	2	1	2	40
16	2	1	2	80
16	2	1	2	132
16	2	1	2	80
16	2	1	2	20
16	2	1	2	20
16	2	1	2	36
16	2	1	2	36
16	2	1	2	36
16	2	1	2	60
16	2	1	2	60
16	2	1	2	44
16	2	1	2	88
16	2	1	2	92
16	2	1	2	88
16	2	1	2	128
16	2	1	2	56
16	2	1	2	52
16	2	1	2	44
16	2	1	2	52
16	2	1	2	92
16	2	1	2	136
16	2	1	2	60
16	2	1	2	88
16	2	1	2	60
16	2	1	2	52
16	2	1	2	32
16	2	1	2	104
16	2	1	2	36
16	2	1	2	100
16	2	2	52
16	2	2	2	100
16	2	2	2	28
16	2	1	2	84
16	2	1	2	52
16	2	1	2	100
16	2	1	2	120
16	2	1	2	68
16	2	1	2	112
16	2	1	2	120
16	2	1	2	32
16	2	1	2	52
16	2	1	2	28
16	2	1	2	52
16	2	1	2	52
16	2	1	2	108
16	2	1	2	28
16	2	1	2	56
16	2	1	2	140
16	2	1	2	104
16	2	1	2	52
16	2	1	2	28
16	2	1	2	24
16	2	1	2	52
16	2	1	2	92
16	2	1	2	52
16	2	1	2	28
16	2	1	2	84
16	2	1	2	88
16	2	1	2	88
16	2	1	2	100
16	2	1	2	28
16	2	1	2	116
16	2	1	2	56
16	2	1	2	88
16	2	1	2	52
16	2	1	2	28
16	2	1	2	92
16	2	1	2	28
16	2	1	2	112
16	2	1	2	28
16	2	1	2	52
16	2	1	2	28
16	2	1	2	104
16	2	1	2	28
16	2	1	2	68
16	2	1	2	60
16	2	1	2	76
16	2	1	2	76
16	2	1	2	28
16	2	1	2	28
16	2	1	2	72
16	2	1	2	68
16	2	1	2	28
16	2	1	2	36
16	2	1	2	32
16	2	1	2	28
16	2	1	2	24
16	2	2	2	92
16	2	2	2	28
16	2	2	2	28
16	2	1	2	36
16	2	1	2	36
16	2	1	2	36
16	2	1	2	60
16	2	1	2	60
16	2	1	2	44
16	2	1	2	88
16	2	1	2	92
16	2	1	2	88
16	2	1	2	128
16	2	1	2	56
16	2	1	2	52
16	2	1	2	44
16	2	1	2	52
16	2	1	2	92
16	2	1	2	136
16	2	1	2	60
16	2	1	2	88
16	2	1	2	60
16	2	1	2	52
16	2	1	2	32
16	2	1	2	104
16	2	1	2	36
16	2	1	2	100
16	2	1	2	84
16	2	1	2	52
16	2	1	2	100
16	2	1	2	120
16	2	1	2	68
16	2	1	2	112
16	2	1	2	120
16	2	1	2	32
16	2	1	2	52
16	2	1	2	28
16	2	1	2	52
16	2	1	2	52
16	2	1	2	108
16	2	1	2	28
16	2	1	2	56
16	2	1	2	140
16	2	1	2	104
16	2	1	2	52
16	2	1	2	28
16	2	1	2	24
16	2	1	2	52
16	2	1	2	92
16	2	1	2	52
16	2	1	2	28
16	2	1	2	84
16	2	1	2	88
16	2	1	2	88
16	2	1	2	100
16	2	1	2	28
16	2	1	2	116
16	2	1	2	56
16	2	1	2	88
16	2	1	2	52
16	2	1	2	28
16	2	1	2	92
16	2	1	2	28
16	2	1	2	112
16	2	1	2	28
16	2	1	2	52
16	2	1	2	28
16	2	1	2	104
16	2	1	2	28
16	2	1	2	68
16	2	1	2	60
16	2	1	2	76
16	2	1	2	76
16	2	1	2	28
16	2	1	2	28
16	2	1	2	72
16	2	1	2	68
16	2	1	2	28
16	2	1	2	36
16	2	1	2	32
16	2	1	2	28
16	2	1	2	24
16	2	1	2	84
16	2	1	2	52
16	2	1	2	100
16	2	1	2	120
16	2	1	2	68
16	2	1	2	112
16	2	1	2	120
16	2	1	2	32
16	2	1	2	52
16	2	1	2	28
16	2	1	2	52
16	2	1	2	52
16	2	1	2	108
16	2	1	2	28
16	2	1	2	56
16	2	1	2	140
16	2	1	2	104
16	2	1	2	52
16	2	1	2	28
16	2	1	2	24
16	2	1	2	52
16	2	1	2	92
16	2	1	2	52
16	2	1	2	28
16	2	1	2	84
16	2	1	2	88
16	2	1	2	88
16	2	1	2	100
16	2	1	2	28
16	2	1	2	116
16	2	1	2	56
16	2	1	2	88
16	2	1	2	52
16	2	1	2	28
16	2	1	2	92
16	2	1	2	28
16	2	1	2	112
16	2	1	2	28
16	2	1	2	52
16	2	1	2	28
16	2	1	2	104
16	2	1	2	28
16	2	1	2	68
16	2	1	2	60
16	2	1	2	76
16	2	1	2	76
16	2	1	2	28
16	2	1	2	28
16	2	1	2	72
16	2	1	2	68
16	2	1	2	28
16	2	1	2	36
16	2	1	2	32
16	2	1	2	28
16	2	1	2	24
16	2	1	2	40
16	2	1	2	132
16	2	1	2	120
16	2	1	2	120
16	2	1	2	104
16	2	1	2	48
16	2	1	2	52
16	2	1	2	60
16	2	1	2	64
16	2	1	2	40
16	2	1	2	80
16	2	1	2	132
16	2	1	2	80
16	2	1	2	20
16	2	1	2	20
16	2	2	44
16	2	2	2	28
16	2	1	2	36
16	2	1	2	36
16	2	1	2	36
16	2	1	2	60
16	2	1	2	60
16	2	1	2	44
16	2	1	2	88
16	2	1	2	92
16	2	1	2	88
16	2	1	2	128
16	2	1	2	56
16	2	1	2	52
16	2	1	2	44
16	2	1	2	52
16	2	1	2	92
16	2	1	2	136
16	2	1	2	60
16	2	1	2	88
16	2	1	2	60
16	2	1	2	52
16	2	1	2	32
16	2	1	2	104
16	2	1	2	36
16	2	1	2	100
16	2	2	100
16	2	2	2	52
16	2	2	2	120
16	2	2	2	52
16	2	2	28
16	2	2	2	44
16	2	2	2	112
16	2	2	2	20
16	2	2	2	52
16	2	1	2	24
16	2	1	2	124
16	2	1	2	88
16	2	1	2	124
16	2	1	2	132
16	2	1	2	120
16	2	1	2	120
16	2	1	2	44
16	2	1	2	20
16	2	1	2	128
16	2	1	2	108
16	2	1	2	124
16	2	1	2	52
16	2	1	2	120
16	2	1	2	52
16	2	1	2	64
16	2	1	2	40
16	2	1	2	56
16	2	1	2	52
16	2	1	2	48
16	2	1	2	44
16	2	1	2	40
16	2	1	2	84
16	2	1	2	52
16	2	1	2	100
16	2	1	2	120
16	2	1	2	68
16	2	1	2	112
16	2	1	2	120
16	2	1	2	32
16	2	1	2	52
16	2	1	2	28
16	2	1	2	52
16	2	1	2	52
16	2	1	2	108
16	2	1	2	28
16	2	1	2	56
16	2	1	2	140
16	2	1	2	104
16	2	1	2	52
16	2	1	2	28
16	2	1	2	24
16	2	1	2	52
16	2	1	2	92
16	2	1	2	52
16	2	1	2	28
16	2	1	2	84
16	2	1	2	88
16	2	1	2	88
16	2	1	2	100
16	2	1	2	28
16	2	1	2	116
16	2	1	2	56
16	2	1	2	88
16	2	1	2	52
16	2	1	2	28
16	2	1	2	92
16	2	1	2	28
16	2	1	2	112
16	2	1	2	28
16	2	1	2	52
16	2	1	2	28
16	2	1	2	104
16	2	1	2	28
16	2	1	2	68
16	2	1	2	60
16	2	1	2	76
16	2	1	2	76
16	2	1	2	28
16	2	1	2	28
16	2	1	2	72
16	2	1	2	68
16	2	1	2	28
16	2	1	2	36
16	2	1	2	32
16	2	1	2	28
16	2	1	2	24
16	2	1	2	84
16	2	1	2	52
16	2	1	2	100
16	2	1	2	120
16	2	1	2	68
16	2	1	2	112
16	2	1	2	120
16	2	1	2	32
16	2	1	2	52
16	2	1	2	28
16	2	1	2	52
16	2	1	2	52
16	2	1	2	108
16	2	1	2	28
16	2	1	2	56
16	2	1	2	140
16	2	1	2	104
16	2	1	2	52
16	2	1	2	28
16	2	1	2	24
16	2	1	2	52
16	2	1	2	92
16	2	1	2	52
16	2	1	2	28
16	2	1	2	84
16	2	1	2	88
16	2	1	2	88
16	2	1	2	100
16	2	1	2	28
16	2	1	2	116
16	2	1	2	56
16	2	1	2	88
16	2	1	2	52
16	2	1	2	28
16	2	1	2	92
16	2	1	2	28
16	2	1	2	112
16	2	1	2	28
16	2	1	2	52
16	2	1	2	28
16	2	1	2	104
16	2	1	2	28
16	2	1	2	68
16	2	1	2	60
16	2	1	2	76
16	2	1	2	76
16	2	1	2	28
16	2	1	2	28
16	2	1	2	72
16	2	1	2	68
16	2	1	2	28
16	2	1	2	36
16	2	1	2	32
16	2	1	2	28
16	2	1	2	24
16	2	1	2	100
16	2	1	2	80
16	2	1	2	84
16	2	1	2	52
16	2	1	2	100
16	2	1	2	120
16	2	1	2	68
16	2	1	2	112
16	2	1	2	120
16	2	1	2	32
16	2	1	2	52
16	2	1	2	28
16	2	1	2	52
16	2	1	2	52
16	2	1	2	108
16	2	1	2	28
16	2	1	2	56
16	2	1	2	140
16	2	1	2	104
16	2	1	2	52
16	2	1	2	28
16	2	1	2	24
16	2	1	2	52
16	2	1	2	92
16	2	1	2	52
16	2	1	2	28
16	2	1	2	84
16	2	1	2	88
16	2	1	2	88
16	2	1	2	100
16	2	1	2	28
16	2	1	2	116
16	2	1	2	56
16	2	1	2	88
16	2	1	2	52
16	2	1	2	28
16	2	1	2	92
16	2	1	2	28
16	2	1	2	112
16	2	1	2	28
16	2	1	2	52
16	2	1	2	28
16	2	1	2	104
16	2	1	2	28
16	2	1	2	68
16	2	1	2	60
16	2	1	2	76
16	2	1	2	76
16	2	1	2	28
16	2	1	2	28
16	2	1	2	72
16	2	1	2	68
16	2	1	2	28
16	2	1	2	36
16	2	1	2	32
16	2	1	2	28
16	2	1	2	24
16	2	2	92
16	2	2	2	92
16	2	1	2	36
16	2	1	2	36
16	2	1	2	36
16	2	1	2	60
16	2	1	2	60
16	2	1	2	44
16	2	1	2	88
16	2	1	2	92
16	2	1	2	88
16	2	1	2	128
16	2	1	2	56
16	2	1	2	52
16	2	1	2	44
16	2	1	2	52
16	2	1	2	92
16	2	1	2	136
16	2	1	2	60
16	2	1	2	88
16	2	1	2	60
16	2	1	2	52
16	2	1	2	32
16	2	1	2	104
16	2	1	2	36
16	2	1	2	100
16	2	1	2	36
16	2	1	2	36
16	2	1	2	36
16	2	1	2	60
16	2	1	2	60
16	2	1	2	44
16	2	1	2	88
16	2	1	2	92
16	2	1	2	88
16	2	1	2	128
16	2	1	2	56
16	2	1	2	52
16	2	1	2	44
16	2	1	2	52
16	2	1	2	92
16	2	1	2	136
16	2	1	2	60
16	2	1	2	88
16	2	1	2	60
16	2	1	2	52
16	2	1	2	32
16	2	1	2	104
16	2	1	2	36
16	2	1	2	100
16	2	2	2	52
16	2	1	2	36
16	2	1	2	36
16	2	1	2	36
16	2	1	2	60
16	2	1	2	60
16	2	1	2	44
16	2	1	2	88
16	2	1	2	92
16	2	1	2	88
16	2	1	2	128
16	2	1	2	56
16	2	1	2	52
16	2	1	2	44
16	2	1	2	52
16	2	1	2	92
16	2	1	2	136
16	2	1	2	60
16	2	1	2	88
16	2	1	2	60
16	2	1	2	52
16	2	1	2	32
16	2	1	2	104
16	2	1	2	36
16	2	1	2	100
16	2	2	28
16	2	2	28
16	2	1	2	40
16	2	1	2	132
16	2	1	2	120
16	2	1	2	120
16	2	1	2	104
16	2	1	2	48
16	2	1	2	52
16	2	1	2	60
16	2	1	2	64
16	2	1	2	40
16	2	1	2	80
16	2	1	2	132
16	2	1	2	80
16	2	1	2	20
16	2	1	2	20
16	2	2	2	44
16	2	1	2	36
16	2	1	2	36
16	2	1	2	36
16	2	1	2	60
16	2	1	2	60
16	2	1	2	44
16	2	1	2	88
16	2	1	2	92
16	2	1	2	88
16	2	1	2	128
16	2	1	2	56
16	2	1	2	52
16	2	1	2	44
16	2	1	2	52
16	2	1	2	92
16	2	1	2	136
16	2	1	2	60
16	2	1	2	88
16	2	1	2	60
16	2	1	2	52
16	2	1	2	32
16	2	1	2	104
16	2	1	2	36
16	2	1	2	100
16	2	1	2	52
16	2	1	2	32
16	2	1	2	52
16	2	1	2	60
16	2	1	2	48
16	2	1	2	104
16	2	1	2	104
16	2	1	2	148
16	2	1	2	28
16	2	1	2	52
16	2	1	2	52
16	2	1	2	32
16	2	1	2	80
16	2	1	2	52
16	2	1	2	60
16	2	1	2	52
16	2	1	2	112
16	2	1	2	52
16	2	1	2	120
16	2	1	2	88
16	2	1	2	52
16	2	1	2	52
16	2	1	2	60
16	2	1	2	52
16	2	1	2	60
16	2	1	2	28
16	2	1	2	28
16	2	1	2	44
16	2	1	2	88
16	2	1	2	88
16	2	1	2	52
16	2	1	2	108
16	2	1	2	88
16	2	1	2	128
16	2	1	2	52
16	2	1	2	60
16	2	1	2	52
16	2	1	2	128
16	2	1	2	60
16	2	1	2	44
16	2	1	2	60
16	2	1	2	28
16	2	1	2	28
16	2	1	2	88
16	2	1	2	104
16	2	1	2	92
16	2	1	2	52
16	2	1	2	92
16	2	1	2	36
16	2	1	2	28
16	2	1	2	52
16	2	1	2	88
16	2	1	2	76
16	2	1	2	24
16	2	1	2	28
16	2	1	2	52
16	2	1	2	96
16	2	1	2	88
16	2	1	2	92
16	2	1	2	88
16	2	1	2	52
16	2	1	2	60
16	2	2	52
16	2	2	2	100
16	2	2	2	28
16	2	1	2	84
16	2	1	2	52
16	2	1	2	100
16	2	1	2	120
16	2	1	2	68
16	2	1	2	112
16	2	1	2	120
16	2	1	2	32
16	2	1	2	52
16	2	1	2	28
16	2	1	2	52
16	2	1	2	52
16	2	1	2	108
16	2	1	2	28
16	2	1	2	56
16	2	1	2	140
16	2	1	2	104
16	2	1	2	52
16	2	1	2	28
16	2	1	2	24
16	2	1	2	52
16	2	1	2	92
16	2	1	2	52
16	2	1	2	28
16	2	1	2	84
16	2	1	2	88
16	2	1	2	88
16	2	1	2	100
16	2	1	2	28
16	2	1	2	116
16	2	1	2	56
16	2	1	2	88
16	2	1	2	52
16	2	1	2	28
16	2	1	2	92
16	2	1	2	28
16	2	1	2	112
16	2	1	2	28
16	2	1	2	52
16	2	1	2	28
16	2	1	2	104
16	2	1	2	28
16	2	1	2	68
16	2	1	2	60
16	2	1	2	76
16	2	1	2	76
16	2	1	2	28
16	2	1	2	28
16	2	1	2	72
16	2	1	2	68
16	2	1	2	28
16	2	1	2	36
16	2	1	2	32
16	2	1	2	28
16	2	1	2	24
16	2	1	2	24
16	2	1	2	124
16	2	1	2	88
16	2	1	2	124
16	2	1	2	132
16	2	1	2	120
16	2	1	2	120
16	2	1	2	44
16	2	1	2	20
16	2	1	2	128
16	2	1	2	108
16	2	1	2	124
16	2	1	2	52
16	2	1	2	120
16	2	1	2	52
16	2	1	2	64
16	2	1	2	40
16	2	1	2	56
16	2	1	2	52
16	2	1	2	48
16	2	1	2	44
16	2	1	2	40
16	2	2	2	52
16	2	1	2	100
16	2	1	2	80
16	2	1	2	100
16	2	1	2	80
20	2	1	2	44
20	2	1	2	44
20	2	1	2	44
20	2	1	2	36
20	2	1	2	48
20	2	1	2	100
20	2	1	2	100
20	2	1	2	52
20	2	1	2	36
20	2	1	2	100
20	2	1	2	68
20	2	1	2	52
20	2	1	2	136
20	2	1	2	84
20	2	1	2	24
20	2	1	2	124
20	2	1	2	88
20	2	1	2	124
20	2	1	2	132
20	2	1	2	120
20	2	1	2	120
20	2	1	2	44
20	2	1	2	128
20	2	1	2	108
20	2	1	2	124
20	2	1	2	52
20	2	1	2	120
20	2	1	2	52
20	2	1	2	64
20	2	1	2	40
20	2	1	2	56
20	2	1	2	52
20	2	1	2	48
20	2	1	2	44
20	2	1	2	40
20	2	1	2	56
20	2	1	2	44
20	2	1	2	88
20	2	1	2	56
20	2	1	2	44
20	2	1	2	80
20	2	1	2	40
20	2	1	2	132
20	2	1	2	120
20	2	1	2	120
20	2	1	2	104
20	2	1	2	48
20	2	1	2	52
20	2	1	2	60
20	2	1	2	64
20	2	1	2	40
20	2	1	2	80
20	2	1	2	132
20	2	1	2	80
20	2	1	2	40
20	2	1	2	132
20	2	1	2	120
20	2	1	2	120
20	2	1	2	104
20	2	1	2	48
20	2	1	2	52
20	2	1	2	60
20	2	1	2	64
20	2	1	2	40
20	2	1	2	80
20	2	1	2	132
20	2	1	2	80
20	2	2	28
20	2	2	2	44
20	2	2	2	112
24	2	1	2	124
24	2	1	2	88
24	2	1	2	124
24	2	1	2	132
24	2	1	2	120
24	2	1	2	120
24	2	1	2	44
24	2	1	2	128
24	2	1	2	108
24	2	1	2	124
24	2	1	2	52
24	2	1	2	120
24	2	1	2	52
24	2	1	2	64
24	2	1	2	40
24	2	1	2	56
24	2	1	2	52
24	2	1	2	48
24	2	1	2	44
24	2	1	2	40
24	2	1	2	84
24	2	1	2	52
24	2	1	2	100
24	2	1	2	120
24	2	1	2	68
24	2	1	2	112
24	2	1	2	120
24	2	1	2	32
24	2	1	2	52
24	2	1	2	28
24	2	1	2	52
24	2	1	2	52
24	2	1	2	108
24	2	1	2	28
24	2	1	2	56
24	2	1	2	140
24	2	1	2	104
24	2	1	2	52
24	2	1	2	28
24	2	1	2	52
24	2	1	2	92
24	2	1	2	52
24	2	1	2	28
24	2	1	2	84
24	2	1	2	88
24	2	1	2	88
24	2	1	2	100
24	2	1	2	28
24	2	1	2	116
24	2	1	2	56
24	2	1	2	88
24	2	1	2	52
24	2	1	2	28
24	2	1	2	92
24	2	1	2	28
24	2	1	2	112
24	2	1	2	28
24	2	1	2	52
24	2	1	2	28
24	2	1	2	104
24	2	1	2	28
24	2	1	2	68
24	2	1	2	60
24	2	1	2	76
24	2	1	2	76
24	2	1	2	28
24	2	1	2	28
24	2	1	2	72
24	2	1	2	68
24	2	1	2	28
24	2	1	2	36
24	2	1	2	32
24	2	1	2	28
24	2	1	2	52
24	2	1	2	32
24	2	1	2	52
24	2	1	2	60
24	2	1	2	48
24	2	1	2	104
24	2	1	2	104
24	2	1	2	148
24	2	1	2	28
24	2	1	2	52
24	2	1	2	52
24	2	1	2	32
24	2	1	2	80
24	2	1	2	52
24	2	1	2	60
24	2	1	2	52
24	2	1	2	112
24	2	1	2	52
24	2	1	2	120
24	2	1	2	88
24	2	1	2	52
24	2	1	2	52
24	2	1	2	60
24	2	1	2	52
24	2	1	2	60
24	2	1	2	28
24	2	1	2	28
24	2	1	2	44
24	2	1	2	88
24	2	1	2	88
24	2	1	2	52
24	2	1	2	108
24	2	1	2	88
24	2	1	2	128
24	2	1	2	52
24	2	1	2	60
24	2	1	2	52
24	2	1	2	128
24	2	1	2	60
24	2	1	2	44
24	2	1	2	60
24	2	1	2	28
24	2	1	2	28
24	2	1	2	88
24	2	1	2	104
24	2	1	2	92
24	2	1	2	52
24	2	1	2	92
24	2	1	2	36
24	2	1	2	28
24	2	1	2	52
24	2	1	2	88
24	2	1	2	76
24	2	1	2	28
24	2	1	2	52
24	2	1	2	96
24	2	1	2	88
24	2	1	2	92
24	2	1	2	88
24	2	1	2	52
24	2	1	2	60
24	2	1	2	84
24	2	1	2	52
24	2	1	2	100
24	2	1	2	120
24	2	1	2	68
24	2	1	2	112
24	2	1	2	120
24	2	1	2	32
24	2	1	2	52
24	2	1	2	28
24	2	1	2	52
24	2	1	2	52
24	2	1	2	108
24	2	1	2	28
24	2	1	2	56
24	2	1	2	140
24	2	1	2	104
24	2	1	2	52
24	2	1	2	28
24	2	1	2	52
24	2	1	2	92
24	2	1	2	52
24	2	1	2	28
24	2	1	2	84
24	2	1	2	88
24	2	1	2	88
24	2	1	2	100
24	2	1	2	28
24	2	1	2	116
24	2	1	2	56
24	2	1	2	88
24	2	1	2	52
24	2	1	2	28
24	2	1	2	92
24	2	1	2	28
24	2	1	2	112
24	2	1	2	28
24	2	1	2	52
24	2	1	2	28
24	2	1	2	104
24	2	1	2	28
24	2	1	2	68
24	2	1	2	60
24	2	1	2	76
24	2	1	2	76
24	2	1	2	28
24	2	1	2	28
24	2	1	2	72
24	2	1	2	68
24	2	1	2	28
24	2	1	2	36
24	2	1	2	32
24	2	1	2	28
28	2	1	2	52
28	2	1	2	32
28	2	1	2	52
28	2	1	2	60
28	2	1	2	48
28	2	1	2	104
28	2	1	2	104
28	2	1	2	148
28	2	1	2	52
28	2	1	2	52
28	2	1	2	32
28	2	1	2	80
28	2	1	2	52
28	2	1	2	60
28	2	1	2	52
28	2	1	2	112
28	2	1	2	52
28	2	1	2	120
28	2	1	2	88
28	2	1	2	52
28	2	1	2	52
28	2	1	2	60
28	2	1	2	52
28	2	1	2	60
28	2	1	2	44
28	2	1	2	88
28	2	1	2	88
28	2	1	2	52
28	2	1	2	108
28	2	1	2	88
28	2	1	2	128
28	2	1	2	52
28	2	1	2	60
28	2	1	2	52
28	2	1	2	128
28	2	1	2	60
28	2	1	2	44
28	2	1	2	60
28	2	1	2	88
28	2	1	2	104
28	2	1	2	92
28	2	1	2	52
28	2	1	2	92
28	2	1	2	36
28	2	1	2	52
28	2	1	2	88
28	2	1	2	76
28	2	1	2	52
28	2	1	2	96
28	2	1	2	88
28	2	1	2	92
28	2	1	2	88
28	2	1	2	52
28	2	1	2	60
28	2	1	2	52
28	2	1	2	32
28	2	1	2	52
28	2	1	2	60
28	2	1	2	48
28	2	1	2	104
28	2	1	2	104
28	2	1	2	148
28	2	1	2	52
28	2	1	2	52
28	2	1	2	32
28	2	1	2	80
28	2	1	2	52
28	2	1	2	60
28	2	1	2	52
28	2	1	2	112
28	2	1	2	52
28	2	1	2	120
28	2	1	2	88
28	2	1	2	52
28	2	1	2	52
28	2	1	2	60
28	2	1	2	52
28	2	1	2	60
28	2	1	2	44
28	2	1	2	88
28	2	1	2	88
28	2	1	2	52
28	2	1	2	108
28	2	1	2	88
28	2	1	2	128
28	2	1	2	52
28	2	1	2	60
28	2	1	2	52
28	2	1	2	128
28	2	1	2	60
28	2	1	2	44
28	2	1	2	60
28	2	1	2	88
28	2	1	2	104
28	2	1	2	92
28	2	1	2	52
28	2	1	2	92
28	2	1	2	36
28	2	1	2	52
28	2	1	2	88
28	2	1	2	76
28	2	1	2	52
28	2	1	2	96
28	2	1	2	88
28	2	1	2	92
28	2	1	2	88
28	2	1	2	52
28	2	1	2	60
28	2	1	2	52
28	2	1	2	32
28	2	1	2	52
28	2	1	2	60
28	2	1	2	48
28	2	1	2	104
28	2	1	2	104
28	2	1	2	148
28	2	1	2	52
28	2	1	2	52
28	2	1	2	32
28	2	1	2	80
28	2	1	2	52
28	2	1	2	60
28	2	1	2	52
28	2	1	2	112
28	2	1	2	52
28	2	1	2	120
28	2	1	2	88
28	2	1	2	52
28	2	1	2	52
28	2	1	2	60
28	2	1	2	52
28	2	1	2	60
28	2	1	2	44
28	2	1	2	88
28	2	1	2	88
28	2	1	2	52
28	2	1	2	108
28	2	1	2	88
28	2	1	2	128
28	2	1	2	52
28	2	1	2	60
28	2	1	2	52
28	2	1	2	128
28	2	1	2	60
28	2	1	2	44
28	2	1	2	60
28	2	1	2	88
28	2	1	2	104
28	2	1	2	92
28	2	1	2	52
28	2	1	2	92
28	2	1	2	36
28	2	1	2	52
28	2	1	2	88
28	2	1	2	76
28	2	1	2	52
28	2	1	2	96
28	2	1	2	88
28	2	1	2	92
28	2	1	2	88
28	2	1	2	52
28	2	1	2	60
28	2	1	2	52
28	2	1	2	32
28	2	1	2	52
28	2	1	2	60
28	2	1	2	48
28	2	1	2	104
28	2	1	2	104
28	2	1	2	148
28	2	1	2	52
28	2	1	2	52
28	2	1	2	32
28	2	1	2	80
28	2	1	2	52
28	2	1	2	60
28	2	1	2	52
28	2	1	2	112
28	2	1	2	52
28	2	1	2	120
28	2	1	2	88
28	2	1	2	52
28	2	1	2	52
28	2	1	2	60
28	2	1	2	52
28	2	1	2	60
28	2	1	2	44
28	2	1	2	88
28	2	1	2	88
28	2	1	2	52
28	2	1	2	108
28	2	1	2	88
28	2	1	2	128
28	2	1	2	52
28	2	1	2	60
28	2	1	2	52
28	2	1	2	128
28	2	1	2	60
28	2	1	2	44
28	2	1	2	60
28	2	1	2	88
28	2	1	2	104
28	2	1	2	92
28	2	1	2	52
28	2	1	2	92
28	2	1	2	36
28	2	1	2	52
28	2	1	2	88
28	2	1	2	76
28	2	1	2	52
28	2	1	2	96
28	2	1	2	88
28	2	1	2	92
28	2	1	2	88
28	2	1	2	52
28	2	1	2	60
28	2	1	2	52
28	2	1	2	32
28	2	1	2	52
28	2	1	2	60
28	2	1	2	48
28	2	1	2	104
28	2	1	2	104
28	2	1	2	148
28	2	1	2	52
28	2	1	2	52
28	2	1	2	32
28	2	1	2	80
28	2	1	2	52
28	2	1	2	60
28	2	1	2	52
28	2	1	2	112
28	2	1	2	52
28	2	1	2	120
28	2	1	2	88
28	2	1	2	52
28	2	1	2	52
28	2	1	2	60
28	2	1	2	52
28	2	1	2	60
28	2	1	2	44
28	2	1	2	88
28	2	1	2	88
28	2	1	2	52
28	2	1	2	108
28	2	1	2	88
28	2	1	2	128
28	2	1	2	52
28	2	1	2	60
28	2	1	2	52
28	2	1	2	128
28	2	1	2	60
28	2	1	2	44
28	2	1	2	60
28	2	1	2	88
28	2	1	2	104
28	2	1	2	92
28	2	1	2	52
28	2	1	2	92
28	2	1	2	36
28	2	1	2	52
28	2	1	2	88
28	2	1	2	76
28	2	1	2	52
28	2	1	2	96
28	2	1	2	88
28	2	1	2	92
28	2	1	2	88
28	2	1	2	52
28	2	1	2	60
28	2	2	52
28	2	2	2	52
28	2	1	2	84
28	2	1	2	52
28	2	1	2	100
28	2	1	2	120
28	2	1	2	68
28	2	1	2	112
28	2	1	2	120
28	2	1	2	32
28	2	1	2	52
28	2	1	2	52
28	2	1	2	52
28	2	1	2	108
28	2	1	2	56
28	2	1	2	140
28	2	1	2	104
28	2	1	2	52
28	2	1	2	52
28	2	1	2	92
28	2	1	2	52
28	2	1	2	84
28	2	1	2	88
28	2	1	2	88
28	2	1	2	100
28	2	1	2	116
28	2	1	2	56
28	2	1	2	88
28	2	1	2	52
28	2	1	2	92
28	2	1	2	112
28	2	1	2	52
28	2	1	2	104
28	2	1	2	68
28	2	1	2	60
28	2	1	2	76
28	2	1	2	76
28	2	1	2	72
28	2	1	2	68
28	2	1	2	36
28	2	1	2	32
28	2	1	2	84
28	2	1	2	52
28	2	1	2	100
28	2	1	2	120
28	2	1	2	68
28	2	1	2	112
28	2	1	2	120
28	2	1	2	32
28	2	1	2	52
28	2	1	2	52
28	2	1	2	52
28	2	1	2	108
28	2	1	2	56
28	2	1	2	140
28	2	1	2	104
28	2	1	2	52
28	2	1	2	52
28	2	1	2	92
28	2	1	2	52
28	2	1	2	84
28	2	1	2	88
28	2	1	2	88
28	2	1	2	100
28	2	1	2	116
28	2	1	2	56
28	2	1	2	88
28	2	1	2	52
28	2	1	2	92
28	2	1	2	112
28	2	1	2	52
28	2	1	2	104
28	2	1	2	68
28	2	1	2	60
28	2	1	2	76
28	2	1	2	76
28	2	1	2	72
28	2	1	2	68
28	2	1	2	36
28	2	1	2	32
28	2	1	2	84
28	2	1	2	52
28	2	1	2	100
28	2	1	2	120
28	2	1	2	68
28	2	1	2	112
28	2	1	2	120
28	2	1	2	32
28	2	1	2	52
28	2	1	2	52
28	2	1	2	52
28	2	1	2	108
28	2	1	2	56
28	2	1	2	140
28	2	1	2	104
28	2	1	2	52
28	2	1	2	52
28	2	1	2	92
28	2	1	2	52
28	2	1	2	84
28	2	1	2	88
28	2	1	2	88
28	2	1	2	100
28	2	1	2	116
28	2	1	2	56
28	2	1	2	88
28	2	1	2	52
28	2	1	2	92
28	2	1	2	112
28	2	1	2	52
28	2	1	2	104
28	2	1	2	68
28	2	1	2	60
28	2	1	2	76
28	2	1	2	76
28	2	1	2	72
28	2	1	2	68
28	2	1	2	36
28	2	1	2	32
28	2	1	2	84
28	2	1	2	52
28	2	1	2	100
28	2	1	2	120
28	2	1	2	68
28	2	1	2	112
28	2	1	2	120
28	2	1	2	32
28	2	1	2	52
28	2	1	2	52
28	2	1	2	52
28	2	1	2	108
28	2	1	2	56
28	2	1	2	140
28	2	1	2	104
28	2	1	2	52
28	2	1	2	52
28	2	1	2	92
28	2	1	2	52
28	2	1	2	84
28	2	1	2	88
28	2	1	2	88
28	2	1	2	100
28	2	1	2	116
28	2	1	2	56
28	2	1	2	88
28	2	1	2	52
28	2	1	2	92
28	2	1	2	112
28	2	1	2	52
28	2	1	2	104
28	2	1	2	68
28	2	1	2	60
28	2	1	2	76
28	2	1	2	76
28	2	1	2	72
28	2	1	2	68
28	2	1	2	36
28	2	1	2	32
28	2	1	2	52
28	2	1	2	32
28	2	1	2	52
28	2	1	2	60
28	2	1	2	48
28	2	1	2	104
28	2	1	2	104
28	2	1	2	148
28	2	1	2	52
28	2	1	2	52
28	2	1	2	32
28	2	1	2	80
28	2	1	2	52
28	2	1	2	60
28	2	1	2	52
28	2	1	2	112
28	2	1	2	52
28	2	1	2	120
28	2	1	2	88
28	2	1	2	52
28	2	1	2	52
28	2	1	2	60
28	2	1	2	52
28	2	1	2	60
28	2	1	2	44
28	2	1	2	88
28	2	1	2	88
28	2	1	2	52
28	2	1	2	108
28	2	1	2	88
28	2	1	2	128
28	2	1	2	52
28	2	1	2	60
28	2	1	2	52
28	2	1	2	128
28	2	1	2	60
28	2	1	2	44
28	2	1	2	60
28	2	1	2	88
28	2	1	2	104
28	2	1	2	92
28	2	1	2	52
28	2	1	2	92
28	2	1	2	36
28	2	1	2	52
28	2	1	2	88
28	2	1	2	76
28	2	1	2	52
28	2	1	2	96
28	2	1	2	88
28	2	1	2	92
28	2	1	2	88
28	2	1	2	52
28	2	1	2	60
28	2	1	2	84
28	2	1	2	52
28	2	1	2	100
28	2	1	2	120
28	2	1	2	68
28	2	1	2	112
28	2	1	2	120
28	2	1	2	32
28	2	1	2	52
28	2	1	2	52
28	2	1	2	52
28	2	1	2	108
28	2	1	2	56
28	2	1	2	140
28	2	1	2	104
28	2	1	2	52
28	2	1	2	52
28	2	1	2	92
28	2	1	2	52
28	2	1	2	84
28	2	1	2	88
28	2	1	2	88
28	2	1	2	100
28	2	1	2	116
28	2	1	2	56
28	2	1	2	88
28	2	1	2	52
28	2	1	2	92
28	2	1	2	112
28	2	1	2	52
28	2	1	2	104
28	2	1	2	68
28	2	1	2	60
28	2	1	2	76
28	2	1	2	76
28	2	1	2	72
28	2	1	2	68
28	2	1	2	36
28	2	1	2	32
28	2	1	2	84
28	2	1	2	52
28	2	1	2	100
28	2	1	2	120
28	2	1	2	68
28	2	1	2	112
28	2	1	2	120
28	2	1	2	32
28	2	1	2	52
28	2	1	2	52
28	2	1	2	52
28	2	1	2	108
28	2	1	2	56
28	2	1	2	140
28	2	1	2	104
28	2	1	2	52
28	2	1	2	52
28	2	1	2	92
28	2	1	2	52
28	2	1	2	84
28	2	1	2	88
28	2	1	2	88
28	2	1	2	100
28	2	1	2	116
28	2	1	2	56
28	2	1	2	88
28	2	1	2	52
28	2	1	2	92
28	2	1	2	112
28	2	1	2	52
28	2	1	2	104
28	2	1	2	68
28	2	1	2	60
28	2	1	2	76
28	2	1	2	76
28	2	1	2	72
28	2	1	2	68
28	2	1	2	36
28	2	1	2	32
28	2	1	2	84
28	2	1	2	52
28	2	1	2	100
28	2	1	2	120
28	2	1	2	68
28	2	1	2	112
28	2	1	2	120
28	2	1	2	32
28	2	1	2	52
28	2	1	2	52
28	2	1	2	52
28	2	1	2	108
28	2	1	2	56
28	2	1	2	140
28	2	1	2	104
28	2	1	2	52
28	2	1	2	52
28	2	1	2	92
28	2	1	2	52
28	2	1	2	84
28	2	1	2	88
28	2	1	2	88
28	2	1	2	100
28	2	1	2	116
28	2	1	2	56
28	2	1	2	88
28	2	1	2	52
28	2	1	2	92
28	2	1	2	112
28	2	1	2	52
28	2	1	2	104
28	2	1	2	68
28	2	1	2	60
28	2	1	2	76
28	2	1	2	76
28	2	1	2	72
28	2	1	2	68
28	2	1	2	36
28	2	1	2	32
28	2	1	2	84
28	2	1	2	52
28	2	1	2	100
28	2	1	2	120
28	2	1	2	68
28	2	1	2	112
28	2	1	2	120
28	2	1	2	32
28	2	1	2	52
28	2	1	2	52
28	2	1	2	52
28	2	1	2	108
28	2	1	2	56
28	2	1	2	140
28	2	1	2	104
28	2	1	2	52
28	2	1	2	52
28	2	1	2	92
28	2	1	2	52
28	2	1	2	84
28	2	1	2	88
28	2	1	2	88
28	2	1	2	100
28	2	1	2	116
28	2	1	2	56
28	2	1	2	88
28	2	1	2	52
28	2	1	2	92
28	2	1	2	112
28	2	1	2	52
28	2	1	2	104
28	2	1	2	68
28	2	1	2	60
28	2	1	2	76
28	2	1	2	76
28	2	1	2	72
28	2	1	2	68
28	2	1	2	36
28	2	1	2	32
28	2	1	2	84
28	2	1	2	52
28	2	1	2	100
28	2	1	2	120
28	2	1	2	68
28	2	1	2	112
28	2	1	2	120
28	2	1	2	32
28	2	1	2	52
28	2	1	2	52
28	2	1	2	52
28	2	1	2	108
28	2	1	2	56
28	2	1	2	140
28	2	1	2	104
28	2	1	2	52
28	2	1	2	52
28	2	1	2	92
28	2	1	2	52
28	2	1	2	84
28	2	1	2	88
28	2	1	2	88
28	2	1	2	100
28	2	1	2	116
28	2	1	2	56
28	2	1	2	88
28	2	1	2	52
28	2	1	2	92
28	2	1	2	112
28	2	1	2	52
28	2	1	2	104
28	2	1	2	68
28	2	1	2	60
28	2	1	2	76
28	2	1	2	76
28	2	1	2	72
28	2	1	2	68
28	2	1	2	36
28	2	1	2	32
28	2	1	2	84
28	2	1	2	52
28	2	1	2	100
28	2	1	2	120
28	2	1	2	68
28	2	1	2	112
28	2	1	2	120
28	2	1	2	32
28	2	1	2	52
28	2	1	2	52
28	2	1	2	52
28	2	1	2	108
28	2	1	2	56
28	2	1	2	140
28	2	1	2	104
28	2	1	2	52
28	2	1	2	52
28	2	1	2	92
28	2	1	2	52
28	2	1	2	84
28	2	1	2	88
28	2	1	2	88
28	2	1	2	100
28	2	1	2	116
28	2	1	2	56
28	2	1	2	88
28	2	1	2	52
28	2	1	2	92
28	2	1	2	112
28	2	1	2	52
28	2	1	2	104
28	2	1	2	68
28	2	1	2	60
28	2	1	2	76
28	2	1	2	76
28	2	1	2	72
28	2	1	2	68
28	2	1	2	36
28	2	1	2	32
28	2	1	2	52
28	2	1	2	32
28	2	1	2	52
28	2	1	2	60
28	2	1	2	48
28	2	1	2	104
28	2	1	2	104
28	2	1	2	148
28	2	1	2	52
28	2	1	2	52
28	2	1	2	32
28	2	1	2	80
28	2	1	2	52
28	2	1	2	60
28	2	1	2	52
28	2	1	2	112
28	2	1	2	52
28	2	1	2	120
28	2	1	2	88
28	2	1	2	52
28	2	1	2	52
28	2	1	2	60
28	2	1	2	52
28	2	1	2	60
28	2	1	2	44
28	2	1	2	88
28	2	1	2	88
28	2	1	2	52
28	2	1	2	108
28	2	1	2	88
28	2	1	2	128
28	2	1	2	52
28	2	1	2	60
28	2	1	2	52
28	2	1	2	128
28	2	1	2	60
28	2	1	2	44
28	2	1	2	60
28	2	1	2	88
28	2	1	2	104
28	2	1	2	92
28	2	1	2	52
28	2	1	2	92
28	2	1	2	36
28	2	1	2	52
28	2	1	2	88
28	2	1	2	76
28	2	1	2	52
28	2	1	2	96
28	2	1	2	88
28	2	1	2	92
28	2	1	2	88
28	2	1	2	52
28	2	1	2	60
28	2	2	44
28	2	2	2	100
28	2	2	112
28	2	2	2	112
28	2	1	2	84
28	2	1	2	52
28	2	1	2	100
28	2	1	2	120
28	2	1	2	68
28	2	1	2	112
28	2	1	2	120
28	2	1	2	32
28	2	1	2	52
28	2	1	2	52
28	2	1	2	52
28	2	1	2	108
28	2	1	2	56
28	2	1	2	140
28	2	1	2	104
28	2	1	2	52
28	2	1	2	52
28	2	1	2	92
28	2	1	2	52
28	2	1	2	84
28	2	1	2	88
28	2	1	2	88
28	2	1	2	100
28	2	1	2	116
28	2	1	2	56
28	2	1	2	88
28	2	1	2	52
28	2	1	2	92
28	2	1	2	112
28	2	1	2	52
28	2	1	2	104
28	2	1	2	68
28	2	1	2	60
28	2	1	2	76
28	2	1	2	76
28	2	1	2	72
28	2	1	2	68
28	2	1	2	36
28	2	1	2	32
28	2	1	2	84
28	2	1	2	52
28	2	1	2	100
28	2	1	2	120
28	2	1	2	68
28	2	1	2	112
28	2	1	2	120
28	2	1	2	32
28	2	1	2	52
28	2	1	2	52
28	2	1	2	52
28	2	1	2	108
28	2	1	2	56
28	2	1	2	140
28	2	1	2	104
28	2	1	2	52
28	2	1	2	52
28	2	1	2	92
28	2	1	2	52
28	2	1	2	84
28	2	1	2	88
28	2	1	2	88
28	2	1	2	100
28	2	1	2	116
28	2	1	2	56
28	2	1	2	88
28	2	1	2	52
28	2	1	2	92
28	2	1	2	112
28	2	1	2	52
28	2	1	2	104
28	2	1	2	68
28	2	1	2	60
28	2	1	2	76
28	2	1	2	76
28	2	1	2	72
28	2	1	2	68
28	2	1	2	36
28	2	1	2	32
28	2	1	2	84
28	2	1	2	52
28	2	1	2	100
28	2	1	2	120
28	2	1	2	68
28	2	1	2	112
28	2	1	2	120
28	2	1	2	32
28	2	1	2	52
28	2	1	2	52
28	2	1	2	52
28	2	1	2	108
28	2	1	2	56
28	2	1	2	140
28	2	1	2	104
28	2	1	2	52
28	2	1	2	52
28	2	1	2	92
28	2	1	2	52
28	2	1	2	84
28	2	1	2	88
28	2	1	2	88
28	2	1	2	100
28	2	1	2	116
28	2	1	2	56
28	2	1	2	88
28	2	1	2	52
28	2	1	2	92
28	2	1	2	112
28	2	1	2	52
28	2	1	2	104
28	2	1	2	68
28	2	1	2	60
28	2	1	2	76
28	2	1	2	76
28	2	1	2	72
28	2	1	2	68
28	2	1	2	36
28	2	1	2	32
28	2	1	2	84
28	2	1	2	52
28	2	1	2	100
28	2	1	2	120
28	2	1	2	68
28	2	1	2	112
28	2	1	2	120
28	2	1	2	32
28	2	1	2	52
28	2	1	2	52
28	2	1	2	52
28	2	1	2	108
28	2	1	2	56
28	2	1	2	140
28	2	1	2	104
28	2	1	2	52
28	2	1	2	52
28	2	1	2	92
28	2	1	2	52
28	2	1	2	84
28	2	1	2	88
28	2	1	2	88
28	2	1	2	100
28	2	1	2	116
28	2	1	2	56
28	2	1	2	88
28	2	1	2	52
28	2	1	2	92
28	2	1	2	112
28	2	1	2	52
28	2	1	2	104
28	2	1	2	68
28	2	1	2	60
28	2	1	2	76
28	2	1	2	76
28	2	1	2	72
28	2	1	2	68
28	2	1	2	36
28	2	1	2	32
32	2	52
32	2	1	2	52
32	2	1	2	60
32	2	1	2	48
32	2	1	2	104
32	2	1	2	104
32	2	1	2	148
32	2	1	2	52
32	2	1	2	52
32	2	1	2	80
32	2	1	2	52
32	2	1	2	60
32	2	1	2	52
32	2	1	2	112
32	2	1	2	52
32	2	1	2	120
32	2	1	2	88
32	2	1	2	52
32	2	1	2	52
32	2	1	2	60
32	2	1	2	52
32	2	1	2	60
32	2	1	2	44
32	2	1	2	88
32	2	1	2	88
32	2	1	2	52
32	2	1	2	108
32	2	1	2	88
32	2	1	2	128
32	2	1	2	52
32	2	1	2	60
32	2	1	2	52
32	2	1	2	128
32	2	1	2	60
32	2	1	2	44
32	2	1	2	60
32	2	1	2	88
32	2	1	2	104
32	2	1	2	92
32	2	1	2	52
32	2	1	2	92
32	2	1	2	36
32	2	1	2	52
32	2	1	2	88
32	2	1	2	76
32	2	1	2	52
32	2	1	2	96
32	2	1	2	88
32	2	1	2	92
32	2	1	2	88
32	2	1	2	52
32	2	1	2	60
32	2	2	52
32	2	52
32	2	1	2	52
32	2	1	2	52
32	2	1	2	60
32	2	1	2	48
32	2	1	2	104
32	2	1	2	104
32	2	1	2	148
32	2	1	2	52
32	2	1	2	80
32	2	1	2	52
32	2	1	2	60
32	2	1	2	52
32	2	1	2	112
32	2	1	2	52
32	2	1	2	120
32	2	1	2	88
32	2	1	2	52
32	2	1	2	52
32	2	1	2	60
32	2	1	2	52
32	2	1	2	60
32	2	1	2	44
32	2	1	2	88
32	2	1	2	88
32	2	1	2	52
32	2	1	2	108
32	2	1	2	88
32	2	1	2	128
32	2	1	2	52
32	2	1	2	60
32	2	1	2	52
32	2	1	2	128
32	2	1	2	60
32	2	1	2	44
32	2	1	2	60
32	2	1	2	88
32	2	1	2	104
32	2	1	2	92
32	2	1	2	52
32	2	1	2	92
32	2	1	2	36
32	2	1	2	52
32	2	1	2	88
32	2	1	2	76
32	2	1	2	52
32	2	1	2	96
32	2	1	2	88
32	2	1	2	92
32	2	1	2	88
32	2	1	2	52
32	2	1	2	60
32	2	120
32	2	52
32	2	1	2	84
32	2	1	2	52
32	2	1	2	100
32	2	1	2	120
32	2	1	2	68
32	2	1	2	112
32	2	1	2	52
32	2	1	2	52
32	2	1	2	108
32	2	1	2	56
32	2	1	2	140
32	2	1	2	104
32	2	1	2	52
32	2	1	2	52
32	2	1	2	92
32	2	1	2	52
32	2	1	2	84
32	2	1	2	88
32	2	1	2	88
32	2	1	2	100
32	2	1	2	116
32	2	1	2	56
32	2	1	2	88
32	2	1	2	52
32	2	1	2	92
32	2	1	2	112
32	2	1	2	52
32	2	1	2	104
32	2	1	2	68
32	2	1	2	60
32	2	1	2	76
32	2	1	2	76
32	2	1	2	72
32	2	1	2	68
32	2	1	2	36
32	2	1	2	36
32	2	1	2	36
32	2	1	2	36
32	2	1	2	60
32	2	1	2	60
32	2	1	2	44
32	2	1	2	88
32	2	1	2	92
32	2	1	2	88
32	2	1	2	128
32	2	1	2	56
32	2	1	2	52
32	2	1	2	44
32	2	1	2	52
32	2	1	2	92
32	2	1	2	136
32	2	1	2	60
32	2	1	2	88
32	2	1	2	60
32	2	1	2	52
32	2	1	2	104
32	2	1	2	36
32	2	1	2	100
32	2	1	2	84
32	2	1	2	52
32	2	1	2	100
32	2	1	2	120
32	2	1	2	68
32	2	1	2	112
32	2	1	2	120
32	2	1	2	52
32	2	1	2	52
32	2	1	2	52
32	2	1	2	108
32	2	1	2	56
32	2	1	2	140
32	2	1	2	104
32	2	1	2	52
32	2	1	2	52
32	2	1	2	92
32	2	1	2	52
32	2	1	2	84
32	2	1	2	88
32	2	1	2	88
32	2	1	2	100
32	2	1	2	116
32	2	1	2	56
32	2	1	2	88
32	2	1	2	52
32	2	1	2	92
32	2	1	2	112
32	2	1	2	52
32	2	1	2	104
32	2	1	2	68
32	2	1	2	60
32	2	1	2	76
32	2	1	2	76
32	2	1	2	72
32	2	1	2	68
32	2	1	2	36
36	2	1	2	100
36	2	1	2	100
36	2	1	2	52
36	2	1	2	100
36	2	1	2	68
36	2	1	2	52
36	2	1	2	136
36	2	1	2	84
36	2	1	2	44
36	2	1	2	44
36	2	1	2	44
36	2	1	2	48
36	2	1	2	60
36	2	1	2	60
36	2	1	2	44
36	2	1	2	88
36	2	1	2	92
36	2	1	2	88
36	2	1	2	128
36	2	1	2	56
36	2	1	2	52
36	2	1	2	44
36	2	1	2	52
36	2	1	2	92
36	2	1	2	136
36	2	1	2	60
36	2	1	2	88
36	2	1	2	60
36	2	1	2	52
36	2	1	2	104
36	2	1	2	100
36	2	1	2	60
36	2	1	2	60
36	2	1	2	44
36	2	1	2	88
36	2	1	2	92
36	2	1	2	88
36	2	1	2	128
36	2	1	2	56
36	2	1	2	52
36	2	1	2	44
36	2	1	2	52
36	2	1	2	92
36	2	1	2	136
36	2	1	2	60
36	2	1	2	88
36	2	1	2	60
36	2	1	2	52
36	2	1	2	104
36	2	1	2	100
36	2	1	2	60
36	2	1	2	60
36	2	1	2	44
36	2	1	2	88
36	2	1	2	92
36	2	1	2	88
36	2	1	2	128
36	2	1	2	56
36	2	1	2	52
36	2	1	2	44
36	2	1	2	52
36	2	1	2	92
36	2	1	2	136
36	2	1	2	60
36	2	1	2	88
36	2	1	2	60
36	2	1	2	52
36	2	1	2	104
36	2	1	2	100
36	2	1	2	52
36	2	1	2	52
36	2	1	2	60
36	2	1	2	48
36	2	1	2	104
36	2	1	2	104
36	2	1	2	148
36	2	1	2	52
36	2	1	2	52
36	2	1	2	80
36	2	1	2	52
36	2	1	2	60
36	2	1	2	52
36	2	1	2	112
36	2	1	2	52
36	2	1	2	120
36	2	1	2	88
36	2	1	2	52
36	2	1	2	52
36	2	1	2	60
36	2	1	2	52
36	2	1	2	60
36	2	1	2	44
36	2	1	2	88
36	2	1	2	88
36	2	1	2	52
36	2	1	2	108
36	2	1	2	88
36	2	1	2	128
36	2	1	2	52
36	2	1	2	60
36	2	1	2	52
36	2	1	2	128
36	2	1	2	60
36	2	1	2	44
36	2	1	2	60
36	2	1	2	88
36	2	1	2	104
36	2	1	2	92
36	2	1	2	52
36	2	1	2	92
36	2	1	2	52
36	2	1	2	88
36	2	1	2	76
36	2	1	2	52
36	2	1	2	96
36	2	1	2	88
36	2	1	2	92
36	2	1	2	88
36	2	1	2	52
36	2	1	2	60
36	2	1	2	60
36	2	1	2	60
36	2	1	2	44
36	2	1	2	88
36	2	1	2	92
36	2	1	2	88
36	2	1	2	128
36	2	1	2	56
36	2	1	2	52
36	2	1	2	44
36	2	1	2	52
36	2	1	2	92
36	2	1	2	136
36	2	1	2	60
36	2	1	2	88
36	2	1	2	60
36	2	1	2	52
36	2	1	2	104
36	2	1	2	100
36	2	1	2	84
36	2	1	2	52
36	2	1	2	100
36	2	1	2	120
36	2	1	2	68
36	2	1	2	112
36	2	1	2	120
36	2	1	2	52
36	2	1	2	52
36	2	1	2	52
36	2	1	2	108
36	2	1	2	56
36	2	1	2	140
36	2	1	2	104
36	2	1	2	52
36	2	1	2	52
36	2	1	2	92
36	2	1	2	52
36	2	1	2	84
36	2	1	2	88
36	2	1	2	88
36	2	1	2	100
36	2	1	2	116
36	2	1	2	56
36	2	1	2	88
36	2	1	2	52
36	2	1	2	92
36	2	1	2	112
36	2	1	2	52
36	2	1	2	104
36	2	1	2	68
36	2	1	2	60
36	2	1	2	76
36	2	1	2	76
36	2	1	2	72
36	2	1	2	68
40	2	1	2	132
40	2	1	2	120
40	2	1	2	120
40	2	1	2	104
40	2	1	2	48
40	2	1	2	52
40	2	1	2	60
40	2	1	2	64
40	2	1	2	80
40	2	1	2	132
40	2	1	2	80
40	2	1	2	132
40	2	1	2	120
40	2	1	2	120
40	2	1	2	104
40	2	1	2	48
40	2	1	2	52
40	2	1	2	60
40	2	1	2	64
40	2	1	2	80
40	2	1	2	132
40	2	1	2	80
40	2	1	2	124
40	2	1	2	88
40	2	1	2	124
40	2	1	2	132
40	2	1	2	120
40	2	1	2	120
40	2	1	2	44
40	2	1	2	128
40	2	1	2	108
40	2	1	2	124
40	2	1	2	52
40	2	1	2	120
40	2	1	2	52
40	2	1	2	64
40	2	1	2	56
40	2	1	2	52
40	2	1	2	48
40	2	1	2	44
40	2	1	2	124
40	2	1	2	88
40	2	1	2	124
40	2	1	2	132
40	2	1	2	120
40	2	1	2	120
40	2	1	2	44
40	2	1	2	128
40	2	1	2	108
40	2	1	2	124
40	2	1	2	52
40	2	1	2	120
40	2	1	2	52
40	2	1	2	64
40	2	1	2	56
40	2	1	2	52
40	2	1	2	48
40	2	1	2	44
44	2	1	2	48
44	2	1	2	48
44	2	1	2	48
44	2	1	2	124
44	2	1	2	88
44	2	1	2	124
44	2	1	2	132
44	2	1	2	120
44	2	1	2	120
44	2	1	2	128
44	2	1	2	108
44	2	1	2	124
44	2	1	2	52
44	2	1	2	120
44	2	1	2	52
44	2	1	2	64
44	2	1	2	56
44	2	1	2	52
44	2	1	2	48
44	2	2	2	112
44	2	1	2	52
44	2	1	2	52
44	2	1	2	60
44	2	1	2	48
44	2	1	2	104
44	2	1	2	104
44	2	1	2	148
44	2	1	2	52
44	2	1	2	52
44	2	1	2	80
44	2	1	2	52
44	2	1	2	60
44	2	1	2	52
44	2	1	2	112
44	2	1	2	52
44	2	1	2	120
44	2	1	2	88
44	2	1	2	52
44	2	1	2	52
44	2	1	2	60
44	2	1	2	52
44	2	1	2	60
44	2	1	2	88
44	2	1	2	88
44	2	1	2	52
44	2	1	2	108
44	2	1	2	88
44	2	1	2	128
44	2	1	2	52
44	2	1	2	60
44	2	1	2	52
44	2	1	2	128
44	2	1	2	60
44	2	1	2	60
44	2	1	2	88
44	2	1	2	104
44	2	1	2	92
44	2	1	2	52
44	2	1	2	92
44	2	1	2	52
44	2	1	2	88
44	2	1	2	76
44	2	1	2	52
44	2	1	2	96
44	2	1	2	88
44	2	1	2	92
44	2	1	2	88
44	2	1	2	52
44	2	1	2	60
44	2	1	2	56
44	2	1	2	88
44	2	1	2	56
44	2	1	2	80
44	2	1	2	52
44	2	1	2	52
44	2	1	2	60
44	2	1	2	48
44	2	1	2	104
44	2	1	2	104
44	2	1	2	148
44	2	1	2	52
44	2	1	2	52
44	2	1	2	80
44	2	1	2	52
44	2	1	2	60
44	2	1	2	52
44	2	1	2	112
44	2	1	2	52
44	2	1	2	120
44	2	1	2	88
44	2	1	2	52
44	2	1	2	52
44	2	1	2	60
44	2	1	2	52
44	2	1	2	60
44	2	1	2	88
44	2	1	2	88
44	2	1	2	52
44	2	1	2	108
44	2	1	2	88
44	2	1	2	128
44	2	1	2	52
44	2	1	2	60
44	2	1	2	52
44	2	1	2	128
44	2	1	2	60
44	2	1	2	60
44	2	1	2	88
44	2	1	2	104
44	2	1	2	92
44	2	1	2	52
44	2	1	2	92
44	2	1	2	52
44	2	1	2	88
44	2	1	2	76
44	2	1	2	52
44	2	1	2	96
44	2	1	2	88
44	2	1	2	92
44	2	1	2	88
44	2	1	2	52
44	2	1	2	60
44	2	2	2	88
44	2	1	2	60
44	2	1	2	60
44	2	1	2	88
44	2	1	2	92
44	2	1	2	88
44	2	1	2	128
44	2	1	2	56
44	2	1	2	52
44	2	1	2	52
44	2	1	2	92
44	2	1	2	136
44	2	1	2	60
44	2	1	2	88
44	2	1	2	60
44	2	1	2	52
44	2	1	2	104
44	2	1	2	100
44	2	1	2	60
44	2	1	2	60
44	2	1	2	88
44	2	1	2	92
44	2	1	2	88
44	2	1	2	128
44	2	1	2	56
44	2	1	2	52
44	2	1	2	52
44	2	1	2	92
44	2	1	2	136
44	2	1	2	60
44	2	1	2	88
44	2	1	2	60
44	2	1	2	52
44	2	1	2	104
44	2	1	2	100
44	2	1	2	56
44	2	1	2	88
44	2	1	2	56
44	2	1	2	80
44	2	1	2	124
44	2	1	2	88
44	2	1	2	124
44	2	1	2	132
44	2	1	2	120
44	2	1	2	120
44	2	1	2	128
44	2	1	2	108
44	2	1	2	124
44	2	1	2	52
44	2	1	2	120
44	2	1	2	52
44	2	1	2	64
44	2	1	2	56
44	2	1	2	52
44	2	1	2	48
48	2	1	2	52
48	2	1	2	52
48	2	1	2	60
48	2	1	2	104
48	2	1	2	104
48	2	1	2	148
48	2	1	2	52
48	2	1	2	52
48	2	1	2	80
48	2	1	2	52
48	2	1	2	60
48	2	1	2	52
48	2	1	2	112
48	2	1	2	52
48	2	1	2	120
48	2	1	2	88
48	2	1	2	52
48	2	1	2	52
48	2	1	2	60
48	2	1	2	52
48	2	1	2	60
48	2	1	2	88
48	2	1	2	88
48	2	1	2	52
48	2	1	2	108
48	2	1	2	88
48	2	1	2	128
48	2	1	2	52
48	2	1	2	60
48	2	1	2	52
48	2	1	2	128
48	2	1	2	60
48	2	1	2	60
48	2	1	2	88
48	2	1	2	104
48	2	1	2	92
48	2	1	2	52
48	2	1	2	92
48	2	1	2	52
48	2	1	2	88
48	2	1	2	76
48	2	1	2	52
48	2	1	2	96
48	2	1	2	88
48	2	1	2	92
48	2	1	2	88
48	2	1	2	52
48	2	1	2	60
48	2	1	2	132
48	2	1	2	120
48	2	1	2	120
48	2	1	2	104
48	2	1	2	52
48	2	1	2	60
48	2	1	2	64
48	2	1	2	80
48	2	1	2	132
48	2	1	2	80
48	2	1	2	124
48	2	1	2	88
48	2	1	2	124
48	2	1	2	132
48	2	1	2	120
48	2	1	2	120
48	2	1	2	128
48	2	1	2	108
48	2	1	2	124
48	2	1	2	52
48	2	1	2	120
48	2	1	2	52
48	2	1	2	64
48	2	1	2	56
48	2	1	2	52
52	2	1	2	60
52	2	1	2	104
52	2	1	2	104
52	2	1	2	148
52	2	1	2	80
52	2	1	2	60
52	2	1	2	112
52	2	1	2	120
52	2	1	2	88
52	2	1	2	60
52	2	1	2	60
52	2	1	2	88
52	2	1	2	88
52	2	1	2	108
52	2	1	2	88
52	2	1	2	128
52	2	1	2	60
52	2	1	2	128
52	2	1	2	60
52	2	1	2	60
52	2	1	2	88
52	2	1	2	104
52	2	1	2	92
52	2	1	2	92
52	2	1	2	88
52	2	1	2	76
52	2	1	2	96
52	2	1	2	88
52	2	1	2	92
52	2	1	2	88
52	2	1	2	60
52	2	60
52	2	1	2	104
52	2	1	2	104
52	2	1	2	148
52	2	1	2	80
52	2	1	2	60
52	2	1	2	112
52	2	1	2	120
52	2	1	2	88
52	2	1	2	60
52	2	1	2	60
52	2	1	2	88
52	2	1	2	88
52	2	1	2	108
52	2	1	2	88
52	2	1	2	128
52	2	1	2	60
52	2	1	2	128
52	2	1	2	60
52	2	1	2	60
52	2	1	2	88
52	2	1	2	104
52	2	1	2	92
52	2	1	2	92
52	2	1	2	88
52	2	1	2	76
52	2	1	2	96
52	2	1	2	88
52	2	1	2	92
52	2	1	2	88
52	2	1	2	60
52	2	2	60
52	2	2	2	60
52	2	2	60
52	2	2	2	60
52	2	2	60
52	2	2	2	60
52	2	2	2	60
52	2	2	2	60
52	2	2	2	60
52	2	2	2	60
52	2	1	2	60
52	2	1	2	104
52	2	1	2	104
52	2	1	2	148
52	2	1	2	80
52	2	1	2	60
52	2	1	2	112
52	2	1	2	120
52	2	1	2	88
52	2	1	2	60
52	2	1	2	60
52	2	1	2	88
52	2	1	2	88
52	2	1	2	108
52	2	1	2	88
52	2	1	2	128
52	2	1	2	60
52	2	1	2	128
52	2	1	2	60
52	2	1	2	60
52	2	1	2	88
52	2	1	2	104
52	2	1	2	92
52	2	1	2	92
52	2	1	2	88
52	2	1	2	76
52	2	1	2	96
52	2	1	2	88
52	2	1	2	92
52	2	1	2	88
52	2	1	2	60
52	2	1	2	100
52	2	1	2	100
52	2	1	2	100
52	2	1	2	68
52	2	1	2	136
52	2	1	2	84
52	2	1	2	60
52	2	1	2	104
52	2	1	2	104
52	2	1	2	148
52	2	1	2	80
52	2	1	2	60
52	2	1	2	112
52	2	1	2	120
52	2	1	2	88
52	2	1	2	60
52	2	1	2	60
52	2	1	2	88
52	2	1	2	88
52	2	1	2	108
52	2	1	2	88
52	2	1	2	128
52	2	1	2	60
52	2	1	2	128
52	2	1	2	60
52	2	1	2	60
52	2	1	2	88
52	2	1	2	104
52	2	1	2	92
52	2	1	2	92
52	2	1	2	88
52	2	1	2	76
52	2	1	2	96
52	2	1	2	88
52	2	1	2	92
52	2	1	2	88
52	2	1	2	60
52	2	60
52	2	1	2	60
52	2	1	2	104
52	2	1	2	104
52	2	1	2	148
52	2	1	2	80
52	2	1	2	112
52	2	1	2	120
52	2	1	2	88
52	2	1	2	60
52	2	1	2	60
52	2	1	2	88
52	2	1	2	88
52	2	1	2	108
52	2	1	2	88
52	2	1	2	128
52	2	1	2	60
52	2	1	2	128
52	2	1	2	60
52	2	1	2	60
52	2	1	2	88
52	2	1	2	104
52	2	1	2	92
52	2	1	2	92
52	2	1	2	88
52	2	1	2	76
52	2	1	2	96
52	2	1	2	88
52	2	1	2	92
52	2	1	2	88
52	2	1	2	60
52	2	2	60
52	2	2	60
52	2	2	2	60
52	2	2	60
52	2	2	60
52	2	2	60
52	2	2	2	60
52	2	2	2	60
52	2	2	2	60
52	2	2	2	60
52	2	2	60
52	2	2	2	60
52	2	2	2	60
52	2	2	2	60
52	2	2	2	60
52	2	1	2	60
52	2	1	2	104
52	2	1	2	104
52	2	1	2	148
52	2	1	2	80
52	2	1	2	60
52	2	1	2	112
52	2	1	2	120
52	2	1	2	88
52	2	1	2	60
52	2	1	2	60
52	2	1	2	88
52	2	1	2	88
52	2	1	2	108
52	2	1	2	88
52	2	1	2	128
52	2	1	2	60
52	2	1	2	128
52	2	1	2	60
52	2	1	2	60
52	2	1	2	88
52	2	1	2	104
52	2	1	2	92
52	2	1	2	92
52	2	1	2	88
52	2	1	2	76
52	2	1	2	96
52	2	1	2	88
52	2	1	2	92
52	2	1	2	88
52	2	1	2	60
52	2	1	2	60
52	2	1	2	104
52	2	1	2	104
52	2	1	2	148
52	2	1	2	80
52	2	1	2	60
52	2	1	2	112
52	2	1	2	120
52	2	1	2	88
52	2	1	2	60
52	2	1	2	60
52	2	1	2	88
52	2	1	2	88
52	2	1	2	108
52	2	1	2	88
52	2	1	2	128
52	2	1	2	60
52	2	1	2	128
52	2	1	2	60
52	2	1	2	60
52	2	1	2	88
52	2	1	2	104
52	2	1	2	92
52	2	1	2	92
52	2	1	2	88
52	2	1	2	76
52	2	1	2	96
52	2	1	2	88
52	2	1	2	92
52	2	1	2	88
52	2	1	2	60
52	2	1	2	60
52	2	1	2	104
52	2	1	2	104
52	2	1	2	148
52	2	1	2	80
52	2	1	2	60
52	2	1	2	112
52	2	1	2	120
52	2	1	2	88
52	2	1	2	60
52	2	1	2	60
52	2	1	2	88
52	2	1	2	88
52	2	1	2	108
52	2	1	2	88
52	2	1	2	128
52	2	1	2	60
52	2	1	2	128
52	2	1	2	60
52	2	1	2	60
52	2	1	2	88
52	2	1	2	104
52	2	1	2	92
52	2	1	2	92
52	2	1	2	88
52	2	1	2	76
52	2	1	2	96
52	2	1	2	88
52	2	1	2	92
52	2	1	2	88
52	2	1	2	60
52	2	2	2	72
52	2	2	2	68
52	2	60
52	2	1	2	60
52	2	1	2	104
52	2	1	2	104
52	2	1	2	148
52	2	1	2	80
52	2	1	2	60
52	2	1	2	112
52	2	1	2	120
52	2	1	2	88
52	2	1	2	60
52	2	1	2	88
52	2	1	2	88
52	2	1	2	108
52	2	1	2	88
52	2	1	2	128
52	2	1	2	60
52	2	1	2	128
52	2	1	2	60
52	2	1	2	60
52	2	1	2	88
52	2	1	2	104
52	2	1	2	92
52	2	1	2	92
52	2	1	2	88
52	2	1	2	76
52	2	1	2	96
52	2	1	2	88
52	2	1	2	92
52	2	1	2	88
52	2	1	2	60
52	2	2	60
52	2	2	2	60
52	2	2	2	60
52	2	2	2	60
52	2	2	2	60
52	2	2	60
52	2	2	2	60
52	2	2	2	60
52	2	2	2	60
52	2	2	2	60
52	2	1	2	84
52	2	1	2	100
52	2	1	2	120
52	2	1	2	68
52	2	1	2	112
52	2	1	2	120
52	2	1	2	108
52	2	1	2	56
52	2	1	2	140
52	2	1	2	104
52	2	1	2	92
52	2	1	2	84
52	2	1	2	88
52	2	1	2	88
52	2	1	2	100
52	2	1	2	116
52	2	1	2	56
52	2	1	2	88
52	2	1	2	92
52	2	1	2	112
52	2	1	2	104
52	2	1	2	68
52	2	1	2	60
52	2	1	2	76
52	2	1	2	76
52	2	1	2	72
52	2	1	2	68
52	2	2	72
52	2	2	68
52	2	2	2	68
52	2	2	2	120
52	2	2	2	68
52	2	2	2	68
52	2	60
52	2	1	2	60
52	2	1	2	104
52	2	1	2	104
52	2	1	2	148
52	2	1	2	80
52	2	1	2	60
52	2	1	2	112
52	2	1	2	120
52	2	1	2	88
52	2	1	2	60
52	2	1	2	88
52	2	1	2	88
52	2	1	2	108
52	2	1	2	88
52	2	1	2	128
52	2	1	2	60
52	2	1	2	128
52	2	1	2	60
52	2	1	2	60
52	2	1	2	88
52	2	1	2	104
52	2	1	2	92
52	2	1	2	92
52	2	1	2	88
52	2	1	2	76
52	2	1	2	96
52	2	1	2	88
52	2	1	2	92
52	2	1	2	88
52	2	1	2	60
52	2	1	2	60
52	2	1	2	104
52	2	1	2	104
52	2	1	2	148
52	2	1	2	80
52	2	1	2	60
52	2	1	2	112
52	2	1	2	120
52	2	1	2	88
52	2	1	2	60
52	2	1	2	60
52	2	1	2	88
52	2	1	2	88
52	2	1	2	108
52	2	1	2	88
52	2	1	2	128
52	2	1	2	60
52	2	1	2	128
52	2	1	2	60
52	2	1	2	60
52	2	1	2	88
52	2	1	2	104
52	2	1	2	92
52	2	1	2	92
52	2	1	2	88
52	2	1	2	76
52	2	1	2	96
52	2	1	2	88
52	2	1	2	92
52	2	1	2	88
52	2	1	2	60
52	2	1	2	60
52	2	1	2	104
52	2	1	2	104
52	2	1	2	148
52	2	1	2	80
52	2	1	2	60
52	2	1	2	112
52	2	1	2	120
52	2	1	2	88
52	2	1	2	60
52	2	1	2	60
52	2	1	2	88
52	2	1	2	88
52	2	1	2	108
52	2	1	2	88
52	2	1	2	128
52	2	1	2	60
52	2	1	2	128
52	2	1	2	60
52	2	1	2	60
52	2	1	2	88
52	2	1	2	104
52	2	1	2	92
52	2	1	2	92
52	2	1	2	88
52	2	1	2	76
52	2	1	2	96
52	2	1	2	88
52	2	1	2	92
52	2	1	2	88
52	2	1	2	60
52	2	60
52	2	1	2	60
52	2	1	2	104
52	2	1	2	104
52	2	1	2	148
52	2	1	2	80
52	2	1	2	60
52	2	1	2	112
52	2	1	2	120
52	2	1	2	88
52	2	1	2	60
52	2	1	2	60
52	2	1	2	88
52	2	1	2	88
52	2	1	2	108
52	2	1	2	88
52	2	1	2	128
52	2	1	2	128
52	2	1	2	60
52	2	1	2	60
52	2	1	2	88
52	2	1	2	104
52	2	1	2	92
52	2	1	2	92
52	2	1	2	88
52	2	1	2	76
52	2	1	2	96
52	2	1	2	88
52	2	1	2	92
52	2	1	2	88
52	2	1	2	60
52	2	2	60
52	2	2	2	60
52	2	2	2	60
52	2	2	60
52	2	2	2	60
52	2	2	2	60
52	2	2	2	60
52	2	2	2	60
52	2	2	2	60
52	2	120
52	2	1	2	84
52	2	1	2	100
52	2	1	2	120
52	2	1	2	68
52	2	1	2	112
52	2	1	2	108
52	2	1	2	56
52	2	1	2	140
52	2	1	2	104
52	2	1	2	92
52	2	1	2	84
52	2	1	2	88
52	2	1	2	88
52	2	1	2	100
52	2	1	2	116
52	2	1	2	56
52	2	1	2	88
52	2	1	2	92
52	2	1	2	112
52	2	1	2	104
52	2	1	2	68
52	2	1	2	60
52	2	1	2	76
52	2	1	2	76
52	2	1	2	72
52	2	1	2	68
52	2	1	2	84
52	2	1	2	100
52	2	1	2	120
52	2	1	2	68
52	2	1	2	112
52	2	1	2	120
52	2	1	2	108
52	2	1	2	56
52	2	1	2	140
52	2	1	2	104
52	2	1	2	92
52	2	1	2	84
52	2	1	2	88
52	2	1	2	88
52	2	1	2	100
52	2	1	2	116
52	2	1	2	56
52	2	1	2	88
52	2	1	2	92
52	2	1	2	112
52	2	1	2	104
52	2	1	2	68
52	2	1	2	60
52	2	1	2	76
52	2	1	2	76
52	2	1	2	72
52	2	1	2	68
52	2	1	2	100
52	2	1	2	100
52	2	1	2	100
52	2	1	2	68
52	2	1	2	136
52	2	1	2	84
52	2	2	2	88
52	2	1	2	84
52	2	1	2	100
52	2	1	2	120
52	2	1	2	68
52	2	1	2	112
52	2	1	2	120
52	2	1	2	108
52	2	1	2	56
52	2	1	2	140
52	2	1	2	104
52	2	1	2	92
52	2	1	2	84
52	2	1	2	88
52	2	1	2	88
52	2	1	2	100
52	2	1	2	116
52	2	1	2	56
52	2	1	2	88
52	2	1	2	92
52	2	1	2	112
52	2	1	2	104
52	2	1	2	68
52	2	1	2	60
52	2	1	2	76
52	2	1	2	76
52	2	1	2	72
52	2	1	2	68
52	2	1	2	84
52	2	1	2	100
52	2	1	2	120
52	2	1	2	68
52	2	1	2	112
52	2	1	2	120
52	2	1	2	108
52	2	1	2	56
52	2	1	2	140
52	2	1	2	104
52	2	1	2	92
52	2	1	2	84
52	2	1	2	88
52	2	1	2	88
52	2	1	2	100
52	2	1	2	116
52	2	1	2	56
52	2	1	2	88
52	2	1	2	92
52	2	1	2	112
52	2	1	2	104
52	2	1	2	68
52	2	1	2	60
52	2	1	2	76
52	2	1	2	76
52	2	1	2	72
52	2	1	2	68
52	2	120
52	2	2	100
52	2	1	2	60
52	2	1	2	104
52	2	1	2	104
52	2	1	2	148
52	2	1	2	80
52	2	1	2	60
52	2	1	2	112
52	2	1	2	120
52	2	1	2	88
52	2	1	2	60
52	2	1	2	60
52	2	1	2	88
52	2	1	2	88
52	2	1	2	108
52	2	1	2	88
52	2	1	2	128
52	2	1	2	60
52	2	1	2	128
52	2	1	2	60
52	2	1	2	60
52	2	1	2	88
52	2	1	2	104
52	2	1	2	92
52	2	1	2	92
52	2	1	2	88
52	2	1	2	76
52	2	1	2	96
52	2	1	2	88
52	2	1	2	92
52	2	1	2	88
52	2	1	2	60
52	2	2	2	72
52	2	2	2	68
52	2	1	2	84
52	2	1	2	100
52	2	1	2	120
52	2	1	2	68
52	2	1	2	112
52	2	1	2	120
52	2	1	2	108
52	2	1	2	56
52	2	1	2	140
52	2	1	2	104
52	2	1	2	92
52	2	1	2	84
52	2	1	2	88
52	2	1	2	88
52	2	1	2	100
52	2	1	2	116
52	2	1	2	56
52	2	1	2	88
52	2	1	2	92
52	2	1	2	112
52	2	1	2	104
52	2	1	2	68
52	2	1	2	60
52	2	1	2	76
52	2	1	2	76
52	2	1	2	72
52	2	1	2	68
52	2	60
52	2	1	2	132
52	2	1	2	120
52	2	1	2	120
52	2	1	2	104
52	2	1	2	64
52	2	1	2	80
52	2	1	2	132
52	2	1	2	80
52	2	2	60
52	2	2	2	60
52	2	2	2	60
52	2	2	2	60
52	2	2	2	60
52	2	2	2	60
52	2	1	2	60
52	2	1	2	60
52	2	1	2	88
52	2	1	2	92
52	2	1	2	88
52	2	1	2	128
52	2	1	2	56
52	2	1	2	92
52	2	1	2	136
52	2	1	2	60
52	2	1	2	88
52	2	1	2	60
52	2	1	2	104
52	2	1	2	100
52	2	1	2	60
52	2	1	2	60
52	2	1	2	88
52	2	1	2	92
52	2	1	2	88
52	2	1	2	128
52	2	1	2	56
52	2	1	2	92
52	2	1	2	136
52	2	1	2	60
52	2	1	2	88
52	2	1	2	60
52	2	1	2	104
52	2	1	2	100
52	2	1	2	144
52	2	1	2	136
52	2	1	2	84
52	2	1	2	100
52	2	1	2	120
52	2	1	2	68
52	2	1	2	112
52	2	1	2	120
52	2	1	2	108
52	2	1	2	56
52	2	1	2	140
52	2	1	2	104
52	2	1	2	92
52	2	1	2	84
52	2	1	2	88
52	2	1	2	88
52	2	1	2	100
52	2	1	2	116
52	2	1	2	56
52	2	1	2	88
52	2	1	2	92
52	2	1	2	112
52	2	1	2	104
52	2	1	2	68
52	2	1	2	60
52	2	1	2	76
52	2	1	2	76
52	2	1	2	72
52	2	1	2	68
52	2	1	2	60
52	2	1	2	104
52	2	1	2	104
52	2	1	2	148
52	2	1	2	80
52	2	1	2	60
52	2	1	2	112
52	2	1	2	120
52	2	1	2	88
52	2	1	2	60
52	2	1	2	60
52	2	1	2	88
52	2	1	2	88
52	2	1	2	108
52	2	1	2	88
52	2	1	2	128
52	2	1	2	60
52	2	1	2	128
52	2	1	2	60
52	2	1	2	60
52	2	1	2	88
52	2	1	2	104
52	2	1	2	92
52	2	1	2	92
52	2	1	2	88
52	2	1	2	76
52	2	1	2	96
52	2	1	2	88
52	2	1	2	92
52	2	1	2	88
52	2	1	2	60
52	2	1	2	124
52	2	1	2	88
52	2	1	2	124
52	2	1	2	132
52	2	1	2	120
52	2	1	2	120
52	2	1	2	128
52	2	1	2	108
52	2	1	2	124
52	2	1	2	120
52	2	1	2	64
52	2	1	2	56
52	2	1	2	124
52	2	1	2	88
52	2	1	2	124
52	2	1	2	132
52	2	1	2	120
52	2	1	2	120
52	2	1	2	128
52	2	1	2	108
52	2	1	2	124
52	2	1	2	120
52	2	1	2	64
52	2	1	2	56
52	2	1	2	84
52	2	1	2	100
52	2	1	2	120
52	2	1	2	68
52	2	1	2	112
52	2	1	2	120
52	2	1	2	108
52	2	1	2	56
52	2	1	2	140
52	2	1	2	104
52	2	1	2	92
52	2	1	2	84
52	2	1	2	88
52	2	1	2	88
52	2	1	2	100
52	2	1	2	116
52	2	1	2	56
52	2	1	2	88
52	2	1	2	92
52	2	1	2	112
52	2	1	2	104
52	2	1	2	68
52	2	1	2	60
52	2	1	2	76
52	2	1	2	76
52	2	1	2	72
52	2	1	2	68
52	2	1	2	84
52	2	1	2	100
52	2	1	2	120
52	2	1	2	68
52	2	1	2	112
52	2	1	2	120
52	2	1	2	108
52	2	1	2	56
52	2	1	2	140
52	2	1	2	104
52	2	1	2	92
52	2	1	2	84
52	2	1	2	88
52	2	1	2	88
52	2	1	2	100
52	2	1	2	116
52	2	1	2	56
52	2	1	2	88
52	2	1	2	92
52	2	1	2	112
52	2	1	2	104
52	2	1	2	68
52	2	1	2	60
52	2	1	2	76
52	2	1	2	76
52	2	1	2	72
52	2	1	2	68
52	2	1	2	60
52	2	1	2	60
52	2	1	2	88
52	2	1	2	92
52	2	1	2	88
52	2	1	2	128
52	2	1	2	56
52	2	1	2	92
52	2	1	2	136
52	2	1	2	60
52	2	1	2	88
52	2	1	2	60
52	2	1	2	104
52	2	1	2	100
52	2	1	2	60
52	2	1	2	104
52	2	1	2	104
52	2	1	2	148
52	2	1	2	80
52	2	1	2	60
52	2	1	2	112
52	2	1	2	120
52	2	1	2	88
52	2	1	2	60
52	2	1	2	60
52	2	1	2	88
52	2	1	2	88
52	2	1	2	108
52	2	1	2	88
52	2	1	2	128
52	2	1	2	60
52	2	1	2	128
52	2	1	2	60
52	2	1	2	60
52	2	1	2	88
52	2	1	2	104
52	2	1	2	92
52	2	1	2	92
52	2	1	2	88
52	2	1	2	76
52	2	1	2	96
52	2	1	2	88
52	2	1	2	92
52	2	1	2	88
52	2	1	2	60
52	2	1	2	144
52	2	1	2	136
52	2	2	88
52	2	2	2	88
52	2	2	2	88
52	2	60
52	2	1	2	60
52	2	1	2	104
52	2	1	2	104
52	2	1	2	148
52	2	1	2	80
52	2	1	2	60
52	2	1	2	112
52	2	1	2	120
52	2	1	2	88
52	2	1	2	60
52	2	1	2	60
52	2	1	2	88
52	2	1	2	88
52	2	1	2	108
52	2	1	2	88
52	2	1	2	128
52	2	1	2	60
52	2	1	2	128
52	2	1	2	60
52	2	1	2	60
52	2	1	2	88
52	2	1	2	104
52	2	1	2	92
52	2	1	2	92
52	2	1	2	88
52	2	1	2	76
52	2	1	2	96
52	2	1	2	88
52	2	1	2	92
52	2	1	2	88
52	2	2	60
52	2	2	2	60
52	2	2	2	60
52	2	2	2	60
52	2	2	2	60
52	2	2	60
52	2	2	60
52	2	2	2	60
52	2	2	60
52	2	2	2	60
52	2	2	2	60
52	2	2	60
52	2	2	2	60
52	2	2	2	60
52	2	2	2	60
52	2	2	2	60
52	2	2	60
52	2	1	2	124
52	2	1	2	88
52	2	1	2	124
52	2	1	2	132
52	2	1	2	120
52	2	1	2	120
52	2	1	2	128
52	2	1	2	108
52	2	1	2	124
52	2	1	2	120
52	2	1	2	64
52	2	1	2	56
56	2	1	2	88
56	2	1	2	80
56	2	1	2	84
56	2	1	2	100
56	2	1	2	120
56	2	1	2	68
56	2	1	2	112
56	2	1	2	120
56	2	1	2	108
56	2	1	2	140
56	2	1	2	104
56	2	1	2	92
56	2	1	2	84
56	2	1	2	88
56	2	1	2	88
56	2	1	2	100
56	2	1	2	116
56	2	1	2	88
56	2	1	2	92
56	2	1	2	112
56	2	1	2	104
56	2	1	2	68
56	2	1	2	60
56	2	1	2	76
56	2	1	2	76
56	2	1	2	72
56	2	1	2	68
56	2	1	2	60
56	2	1	2	60
56	2	1	2	88
56	2	1	2	92
56	2	1	2	88
56	2	1	2	128
56	2	1	2	92
56	2	1	2	136
56	2	1	2	60
56	2	1	2	88
56	2	1	2	60
56	2	1	2	104
56	2	1	2	100
56	2	1	2	88
56	2	1	2	80
56	2	1	2	84
56	2	1	2	100
56	2	1	2	120
56	2	1	2	68
56	2	1	2	112
56	2	1	2	120
56	2	1	2	108
56	2	1	2	140
56	2	1	2	104
56	2	1	2	92
56	2	1	2	84
56	2	1	2	88
56	2	1	2	88
56	2	1	2	100
56	2	1	2	116
56	2	1	2	88
56	2	1	2	92
56	2	1	2	112
56	2	1	2	104
56	2	1	2	68
56	2	1	2	60
56	2	1	2	76
56	2	1	2	76
56	2	1	2	72
56	2	1	2	68
56	2	1	2	124
56	2	1	2	88
56	2	1	2	124
56	2	1	2	132
56	2	1	2	120
56	2	1	2	120
56	2	1	2	128
56	2	1	2	108
56	2	1	2	124
56	2	1	2	120
56	2	1	2	64
60	2	1	2	104
60	2	1	2	104
60	2	1	2	148
60	2	1	2	80
60	2	1	2	112
60	2	1	2	120
60	2	1	2	88
60	2	1	2	88
60	2	1	2	88
60	2	1	2	108
60	2	1	2	88
60	2	1	2	128
60	2	1	2	128
60	2	1	2	88
60	2	1	2	104
60	2	1	2	92
60	2	1	2	92
60	2	1	2	88
60	2	1	2	76
60	2	1	2	96
60	2	1	2	88
60	2	1	2	92
60	2	1	2	88
60	2	1	2	104
60	2	1	2	104
60	2	1	2	148
60	2	1	2	80
60	2	1	2	112
60	2	1	2	120
60	2	1	2	88
60	2	1	2	88
60	2	1	2	88
60	2	1	2	108
60	2	1	2	88
60	2	1	2	128
60	2	1	2	128
60	2	1	2	88
60	2	1	2	104
60	2	1	2	92
60	2	1	2	92
60	2	1	2	88
60	2	1	2	76
60	2	1	2	96
60	2	1	2	88
60	2	1	2	92
60	2	1	2	88
60	2	1	2	104
60	2	1	2	104
60	2	1	2	148
60	2	1	2	80
60	2	1	2	112
60	2	1	2	120
60	2	1	2	88
60	2	1	2	88
60	2	1	2	88
60	2	1	2	108
60	2	1	2	88
60	2	1	2	128
60	2	1	2	128
60	2	1	2	88
60	2	1	2	104
60	2	1	2	92
60	2	1	2	92
60	2	1	2	88
60	2	1	2	76
60	2	1	2	96
60	2	1	2	88
60	2	1	2	92
60	2	1	2	88
60	2	1	2	104
60	2	1	2	104
60	2	1	2	148
60	2	1	2	80
60	2	1	2	112
60	2	1	2	120
60	2	1	2	88
60	2	1	2	88
60	2	1	2	88
60	2	1	2	108
60	2	1	2	88
60	2	1	2	128
60	2	1	2	128
60	2	1	2	88
60	2	1	2	104
60	2	1	2	92
60	2	1	2	92
60	2	1	2	88
60	2	1	2	76
60	2	1	2	96
60	2	1	2	88
60	2	1	2	92
60	2	1	2	88
60	2	1	2	104
60	2	1	2	104
60	2	1	2	148
60	2	1	2	80
60	2	1	2	112
60	2	1	2	120
60	2	1	2	88
60	2	1	2	88
60	2	1	2	88
60	2	1	2	108
60	2	1	2	88
60	2	1	2	128
60	2	1	2	128
60	2	1	2	88
60	2	1	2	104
60	2	1	2	92
60	2	1	2	92
60	2	1	2	88
60	2	1	2	76
60	2	1	2	96
60	2	1	2	88
60	2	1	2	92
60	2	1	2	88
60	2	1	2	104
60	2	1	2	104
60	2	1	2	148
60	2	1	2	80
60	2	1	2	112
60	2	1	2	120
60	2	1	2	88
60	2	1	2	88
60	2	1	2	88
60	2	1	2	108
60	2	1	2	88
60	2	1	2	128
60	2	1	2	128
60	2	1	2	88
60	2	1	2	104
60	2	1	2	92
60	2	1	2	92
60	2	1	2	88
60	2	1	2	76
60	2	1	2	96
60	2	1	2	88
60	2	1	2	92
60	2	1	2	88
60	2	1	2	104
60	2	1	2	104
60	2	1	2	148
60	2	1	2	80
60	2	1	2	112
60	2	1	2	120
60	2	1	2	88
60	2	1	2	88
60	2	1	2	88
60	2	1	2	108
60	2	1	2	88
60	2	1	2	128
60	2	1	2	128
60	2	1	2	88
60	2	1	2	104
60	2	1	2	92
60	2	1	2	92
60	2	1	2	88
60	2	1	2	76
60	2	1	2	96
60	2	1	2	88
60	2	1	2	92
60	2	1	2	88
60	2	1	2	88
60	2	1	2	92
60	2	1	2	88
60	2	1	2	128
60	2	1	2	92
60	2	1	2	136
60	2	1	2	88
60	2	1	2	104
60	2	1	2	100
60	2	1	2	88
60	2	1	2	92
60	2	1	2	88
60	2	1	2	128
60	2	1	2	92
60	2	1	2	136
60	2	1	2	88
60	2	1	2	104
60	2	1	2	100
60	2	1	2	132
60	2	1	2	120
60	2	1	2	120
60	2	1	2	104
60	2	1	2	64
60	2	1	2	80
60	2	1	2	132
60	2	1	2	80
60	2	1	2	88
60	2	1	2	92
60	2	1	2	88
60	2	1	2	128
60	2	1	2	92
60	2	1	2	136
60	2	1	2	88
60	2	1	2	104
60	2	1	2	100
60	2	1	2	88
60	2	1	2	92
60	2	1	2	88
60	2	1	2	128
60	2	1	2	92
60	2	1	2	136
60	2	1	2	88
60	2	1	2	104
60	2	1	2	100
60	2	1	2	84
60	2	1	2	100
60	2	1	2	120
60	2	1	2	68
60	2	1	2	112
60	2	1	2	120
60	2	1	2	108
60	2	1	2	140
60	2	1	2	104
60	2	1	2	92
60	2	1	2	84
60	2	1	2	88
60	2	1	2	88
60	2	1	2	100
60	2	1	2	116
60	2	1	2	88
60	2	1	2	92
60	2	1	2	112
60	2	1	2	104
60	2	1	2	68
60	2	1	2	76
60	2	1	2	76
60	2	1	2	72
60	2	1	2	68
60	2	1	2	104
60	2	1	2	104
60	2	1	2	148
60	2	1	2	80
60	2	1	2	112
60	2	1	2	120
60	2	1	2	88
60	2	1	2	88
60	2	1	2	88
60	2	1	2	108
60	2	1	2	88
60	2	1	2	128
60	2	1	2	128
60	2	1	2	88
60	2	1	2	104
60	2	1	2	92
60	2	1	2	92
60	2	1	2	88
60	2	1	2	76
60	2	1	2	96
60	2	1	2	88
60	2	1	2	92
60	2	1	2	88
64	2	1	2	132
64	2	1	2	120
64	2	1	2	120
64	2	1	2	104
64	2	1	2	80
64	2	1	2	132
64	2	1	2	80
64	2	1	2	124
64	2	1	2	88
64	2	1	2	124
64	2	1	2	132
64	2	1	2	120
64	2	1	2	120
64	2	1	2	128
64	2	1	2	108
64	2	1	2	124
64	2	1	2	120
68	2	1	2	100
68	2	1	2	100
68	2	1	2	100
68	2	1	2	136
68	2	1	2	84
68	2	2	120
68	2	2	2	72
68	2	2	72
68	2	2	2	120
68	2	120
68	2	1	2	84
68	2	1	2	100
68	2	1	2	112
68	2	1	2	120
68	2	1	2	108
68	2	1	2	140
68	2	1	2	104
68	2	1	2	92
68	2	1	2	84
68	2	1	2	88
68	2	1	2	88
68	2	1	2	100
68	2	1	2	116
68	2	1	2	88
68	2	1	2	92
68	2	1	2	112
68	2	1	2	104
68	2	1	2	76
68	2	1	2	76
68	2	1	2	72
68	2	2	2	72
68	2	2	72
68	2	1	2	84
68	2	1	2	100
68	2	1	2	120
68	2	1	2	112
68	2	1	2	120
68	2	1	2	108
68	2	1	2	140
68	2	1	2	104
68	2	1	2	92
68	2	1	2	84
68	2	1	2	88
68	2	1	2	88
68	2	1	2	100
68	2	1	2	116
68	2	1	2	88
68	2	1	2	92
68	2	1	2	112
68	2	1	2	104
68	2	1	2	76
68	2	1	2	76
68	2	1	2	72
68	2	2	72
68	2	2	2	120
68	2	72
68	2	1	2	84
68	2	1	2	100
68	2	1	2	120
68	2	1	2	112
68	2	1	2	120
68	2	1	2	108
68	2	1	2	140
68	2	1	2	104
68	2	1	2	92
68	2	1	2	84
68	2	1	2	88
68	2	1	2	88
68	2	1	2	100
68	2	1	2	116
68	2	1	2	88
68	2	1	2	92
68	2	1	2	112
68	2	1	2	104
68	2	1	2	76
68	2	1	2	76
68	2	2	2	120
68	2	2	120
72	2	1	2	84
72	2	1	2	100
72	2	1	2	120
72	2	1	2	112
72	2	1	2	120
72	2	1	2	108
72	2	1	2	140
72	2	1	2	104
72	2	1	2	92
72	2	1	2	84
72	2	1	2	88
72	2	1	2	88
72	2	1	2	100
72	2	1	2	116
72	2	1	2	88
72	2	1	2	92
72	2	1	2	112
72	2	1	2	104
72	2	1	2	76
72	2	1	2	76
72	2	2	2	120
72	2	2	120
76	2	1	2	104
76	2	1	2	104
76	2	1	2	148
76	2	1	2	80
76	2	1	2	112
76	2	1	2	120
76	2	1	2	88
76	2	1	2	88
76	2	1	2	88
76	2	1	2	108
76	2	1	2	88
76	2	1	2	128
76	2	1	2	128
76	2	1	2	88
76	2	1	2	104
76	2	1	2	92
76	2	1	2	92
76	2	1	2	88
76	2	1	2	96
76	2	1	2	88
76	2	1	2	92
76	2	1	2	88
76	2	1	2	84
76	2	1	2	100
76	2	1	2	120
76	2	1	2	112
76	2	1	2	120
76	2	1	2	108
76	2	1	2	140
76	2	1	2	104
76	2	1	2	92
76	2	1	2	84
76	2	1	2	88
76	2	1	2	88
76	2	1	2	100
76	2	1	2	116
76	2	1	2	88
76	2	1	2	92
76	2	1	2	112
76	2	1	2	104
76	2	1	2	84
76	2	1	2	100
76	2	1	2	120
76	2	1	2	112
76	2	1	2	120
76	2	1	2	108
76	2	1	2	140
76	2	1	2	104
76	2	1	2	92
76	2	1	2	84
76	2	1	2	88
76	2	1	2	88
76	2	1	2	100
76	2	1	2	116
76	2	1	2	88
76	2	1	2	92
76	2	1	2	112
76	2	1	2	104
80	2	1	2	104
80	2	1	2	104
80	2	1	2	148
80	2	1	2	112
80	2	1	2	120
80	2	1	2	88
80	2	1	2	88
80	2	1	2	88
80	2	1	2	108
80	2	1	2	88
80	2	1	2	128
80	2	1	2	128
80	2	1	2	88
80	2	1	2	104
80	2	1	2	92
80	2	1	2	92
80	2	1	2	88
80	2	1	2	96
80	2	1	2	88
80	2	1	2	92
80	2	1	2	88
80	2	1	2	132
80	2	1	2	120
80	2	1	2	120
80	2	1	2	104
80	2	1	2	132
80	2	1	2	100
80	2	1	2	88
80	2	1	2	132
80	2	1	2	120
80	2	1	2	120
80	2	1	2	104
80	2	1	2	132
84	2	1	2	100
84	2	1	2	120
84	2	1	2	112
84	2	1	2	120
84	2	1	2	108
84	2	1	2	140
84	2	1	2	104
84	2	1	2	92
84	2	1	2	88
84	2	1	2	88
84	2	1	2	100
84	2	1	2	116
84	2	1	2	88
84	2	1	2	92
84	2	1	2	112
84	2	1	2	104
84	2	1	2	100
84	2	1	2	120
84	2	1	2	112
84	2	1	2	120
84	2	1	2	108
84	2	1	2	140
84	2	1	2	104
84	2	1	2	92
84	2	1	2	88
84	2	1	2	88
84	2	1	2	100
84	2	1	2	116
84	2	1	2	88
84	2	1	2	92
84	2	1	2	112
84	2	1	2	104
84	2	1	2	100
84	2	1	2	100
84	2	1	2	100
84	2	1	2	136
88	2	1	2	104
88	2	1	2	104
88	2	1	2	148
88	2	1	2	112
88	2	1	2	120
88	2	1	2	108
88	2	1	2	128
88	2	1	2	128
88	2	1	2	104
88	2	1	2	92
88	2	1	2	92
88	2	1	2	96
88	2	1	2	92
88	2	1	2	124
88	2	1	2	124
88	2	1	2	132
88	2	1	2	120
88	2	1	2	120
88	2	1	2	128
88	2	1	2	108
88	2	1	2	124
88	2	1	2	120
88	2	1	2	104
88	2	1	2	104
88	2	1	2	148
88	2	1	2	112
88	2	1	2	120
88	2	1	2	108
88	2	1	2	128
88	2	1	2	128
88	2	1	2	104
88	2	1	2	92
88	2	1	2	92
88	2	1	2	96
88	2	1	2	92
88	2	1	2	104
88	2	1	2	104
88	2	1	2	148
88	2	1	2	112
88	2	1	2	120
88	2	1	2	108
88	2	1	2	128
88	2	1	2	128
88	2	1	2	104
88	2	1	2	92
88	2	1	2	92
88	2	1	2	96
88	2	1	2	92
88	2	128
88	2	1	2	104
88	2	1	2	104
88	2	1	2	148
88	2	1	2	112
88	2	1	2	120
88	2	1	2	108
88	2	1	2	128
88	2	1	2	104
88	2	1	2	92
88	2	1	2	92
88	2	1	2	96
88	2	1	2	92
88	2	2	128
88	2	1	2	104
88	2	1	2	104
88	2	1	2	148
88	2	1	2	112
88	2	1	2	120
88	2	1	2	108
88	2	1	2	128
88	2	1	2	128
88	2	1	2	104
88	2	1	2	92
88	2	1	2	92
88	2	1	2	96
88	2	1	2	92
88	2	1	2	92
88	2	1	2	128
88	2	1	2	92
88	2	1	2	136
88	2	1	2	104
88	2	1	2	100
88	2	128
88	2	1	2	92
88	2	1	2	92
88	2	1	2	136
88	2	1	2	104
88	2	1	2	100
88	2	2	128
88	2	1	2	92
88	2	1	2	128
88	2	1	2	92
88	2	1	2	136
88	2	1	2	104
88	2	1	2	100
88	2	1	2	100
88	2	1	2	120
88	2	1	2	112
88	2	1	2	120
88	2	1	2	108
88	2	1	2	140
88	2	1	2	104
88	2	1	2	92
88	2	1	2	100
88	2	1	2	116
88	2	1	2	92
88	2	1	2	112
88	2	1	2	104
88	2	1	2	100
88	2	1	2	120
88	2	1	2	112
88	2	1	2	120
88	2	1	2	108
88	2	1	2	140
88	2	1	2	104
88	2	1	2	92
88	2	1	2	100
88	2	1	2	116
88	2	1	2	92
88	2	1	2	112
88	2	1	2	104
88	2	1	2	100
88	2	1	2	120
88	2	1	2	112
88	2	1	2	120
88	2	1	2	108
88	2	1	2	140
88	2	1	2	104
88	2	1	2	92
88	2	1	2	100
88	2	1	2	116
88	2	1	2	92
88	2	1	2	112
88	2	1	2	104
88	2	1	2	104
88	2	1	2	104
88	2	1	2	148
88	2	1	2	112
88	2	1	2	120
88	2	1	2	108
88	2	1	2	128
88	2	1	2	128
88	2	1	2	104
88	2	1	2	92
88	2	1	2	92
88	2	1	2	96
88	2	1	2	92
88	2	1	2	104
88	2	1	2	104
88	2	1	2	148
88	2	1	2	112
88	2	1	2	120
88	2	1	2	108
88	2	1	2	128
88	2	1	2	128
88	2	1	2	104
88	2	1	2	92
88	2	1	2	92
88	2	1	2	96
88	2	1	2	92
88	2	1	2	104
88	2	1	2	104
88	2	1	2	148
88	2	1	2	112
88	2	1	2	120
88	2	1	2	108
88	2	1	2	128
88	2	1	2	128
88	2	1	2	104
88	2	1	2	92
88	2	1	2	92
88	2	1	2	96
88	2	1	2	92
88	2	2	128
88	2	2	2	128
92	2	1	2	104
92	2	1	2	104
92	2	1	2	148
92	2	1	2	112
92	2	1	2	120
92	2	1	2	108
92	2	1	2	128
92	2	1	2	128
92	2	1	2	104
92	2	1	2	96
92	2	1	2	104
92	2	1	2	104
92	2	1	2	148
92	2	1	2	112
92	2	1	2	120
92	2	1	2	108
92	2	1	2	128
92	2	1	2	128
92	2	1	2	104
92	2	1	2	96
92	2	1	2	128
92	2	1	2	136
92	2	1	2	104
92	2	1	2	100
92	2	1	2	128
92	2	1	2	136
92	2	1	2	104
92	2	1	2	100
92	2	1	2	100
92	2	1	2	120
92	2	1	2	112
92	2	1	2	120
92	2	1	2	108
92	2	1	2	140
92	2	1	2	104
92	2	1	2	100
92	2	1	2	116
92	2	1	2	112
92	2	1	2	104
92	2	1	2	100
92	2	1	2	120
92	2	1	2	112
92	2	1	2	120
92	2	1	2	108
92	2	1	2	140
92	2	1	2	104
92	2	1	2	100
92	2	1	2	116
92	2	1	2	112
92	2	1	2	104
92	2	1	2	104
92	2	1	2	104
92	2	1	2	148
92	2	1	2	112
92	2	1	2	120
92	2	1	2	108
92	2	1	2	128
92	2	1	2	128
92	2	1	2	104
92	2	1	2	96
96	2	1	2	104
96	2	1	2	104
96	2	1	2	148
96	2	1	2	112
96	2	1	2	120
96	2	1	2	108
96	2	1	2	128
96	2	1	2	128
96	2	1	2	104
100	2	1	2	136
100	2	1	2	136
100	2	1	2	136
100	2	1	2	120
100	2	1	2	112
100	2	1	2	120
100	2	1	2	108
100	2	1	2	140
100	2	1	2	104
100	2	1	2	116
100	2	1	2	112
100	2	1	2	104
100	2	1	2	120
100	2	1	2	112
100	2	1	2	120
100	2	1	2	108
100	2	1	2	140
100	2	1	2	104
100	2	1	2	116
100	2	1	2	112
100	2	1	2	104
100	2	1	2	128
100	2	1	2	136
100	2	1	2	104
100	2	2	120
104	2	1	2	148
104	2	1	2	112
104	2	1	2	120
104	2	1	2	108
104	2	1	2	128
104	2	1	2	128
104	2	1	2	148
104	2	1	2	112
104	2	1	2	120
104	2	1	2	108
104	2	1	2	128
104	2	1	2	128
104	2	1	2	148
104	2	1	2	112
104	2	1	2	120
104	2	1	2	108
104	2	1	2	128
104	2	1	2	128
104	2	1	2	120
104	2	1	2	112
104	2	1	2	120
104	2	1	2	108
104	2	1	2	140
104	2	1	2	116
104	2	1	2	112
104	2	1	2	132
104	2	1	2	120
104	2	1	2	120
104	2	1	2	132
104	2	1	2	120
104	2	1	2	112
104	2	1	2	120
104	2	1	2	108
104	2	1	2	140
104	2	1	2	116
104	2	1	2	112
104	2	1	2	128
104	2	1	2	136
108	2	1	2	148
108	2	1	2	112
108	2	1	2	120
108	2	1	2	128
108	2	1	2	128
108	2	1	2	120
108	2	1	2	112
108	2	1	2	120
108	2	1	2	140
108	2	1	2	116
108	2	1	2	112
108	2	1	2	124
108	2	1	2	124
108	2	1	2	132
108	2	1	2	120
108	2	1	2	120
108	2	1	2	128
108	2	1	2	124
108	2	1	2	120
112	2	1	2	148
112	2	1	2	120
112	2	1	2	128
112	2	1	2	128
112	2	1	2	120
112	2	1	2	120
112	2	1	2	140
112	2	1	2	116
112	2	1	2	120
112	2	1	2	120
112	2	1	2	140
112	2	1	2	116
116	2	1	2	120
116	2	1	2	120
116	2	1	2	140
120	2	1	2	148
120	2	1	2	128
120	2	1	2	128
120	2	1	2	132
120	2	1	2	132
120	2	1	2	124
120	2	1	2	124
120	2	1	2	132
120	2	1	2	128
120	2	1	2	124
120	2	1	2	124
120	2	1	2	124
120	2	1	2	132
120	2	1	2	128
120	2	1	2	124
120	2	1	2	140
120	2	1	2	140
120	2	1	2	132
120	2	1	2	132
120	2	1	2	124
120	2	1	2	124
120	2	1	2	132
120	2	1	2	128
120	2	1	2	124
124	2	1	2	132
124	2	1	2	128
124	2	1	2	132
124	2	1	2	128
124	2	1	2	132
124	2	1	2	128
128	2	1	2	148
128	2	1	2	148
128	2	1	2	136
128	2	1	2	132
136	2	1	2	144
