1	1	13	4	70	7205	1
1	1	13	1	70	100870	1
1	1	13	3	70	57640	1
1	1	13	2	70	18733	1
1	1	13	4	21	14410	1
1	1	13	1	21	177243	1
1	1	13	2	21	46112	1
1	1	13	3	21	148423	1
1	1	13	4	41	15851	1
1	1	13	1	41	610984	1
1	1	13	3	41	531729	1
1	1	13	2	41	74932	1
1	1	13	4	33	5764	1
1	1	13	2	33	11528	1
1	1	13	1	33	149864	1
1	1	13	3	33	31702	1
1	1	13	1	26	3520363	0
1	1	13	3	26	396275	0
1	1	13	2	26	24497	0
1	1	13	1	16	1025992	1
1	1	13	3	16	181566	1
1	1	13	2	16	18733	1
1	1	13	4	16	4323	1
1	1	13	1	47	37466	1
1	1	13	2	47	2882	1
1	1	13	3	47	4323	1
1	1	13	1	32	781022	1
1	1	13	3	32	517319	1
1	1	13	2	32	92224	1
1	1	13	4	32	30261	1
1	1	13	1	56	155628	1
1	1	13	4	56	12969	1
1	1	13	3	56	221914	1
1	1	13	2	56	48994	1
1	1	13	1	30	83578	0
1	1	13	1	17	876128	1
1	1	13	2	17	25938	1
1	1	13	3	17	109516	1
1	1	13	4	17	2882	1
1	1	13	1	36	204622	1
1	1	13	3	36	108075	1
1	1	13	4	36	8646	1
1	1	13	2	36	25938	1
1	1	13	1	62	429418	0
1	1	13	3	62	31702	0
1	1	13	2	62	4323	0
1	1	13	1	78	60522	1
1	1	13	2	78	4323	1
1	1	13	3	78	5764	1
1	1	13	4	78	1441	1
1	1	13	1	88	51876	0
1	1	13	1	39	403480	0
1	1	13	3	39	134013	0
1	1	13	2	39	12969	0
1	1	13	1	18	280995	1
1	1	13	3	18	25938	1
1	1	13	2	18	1441	1
1	1	13	4	18	1441	1
1	1	13	1	34	331430	0
1	1	13	3	34	60522	0
1	1	13	4	34	4323	0
1	1	13	2	34	11528	0
1	1	13	1	40	1311310	1
1	1	13	3	40	913594	1
1	1	13	4	40	34584	1
1	1	13	2	40	135454	1
1	1	13	1	28	739233	1
1	1	13	4	28	21615	1
1	1	13	3	28	193094	1
1	1	13	2	28	57640	1
1	1	13	1	25	208945	0
1	1	13	3	25	7205	0
1	1	13	1	24	661419	0
1	1	13	3	24	112398	0
1	1	13	2	24	8646	0
1	1	13	1	104	15851	1
1	1	13	3	104	31702	1
1	1	13	4	104	1441	1
1	1	13	2	104	7205	1
1	1	13	1	45	366014	1
1	1	13	3	45	80696	1
1	1	13	2	45	10087	1
1	1	13	4	45	5764	1
1	1	13	1	69	158510	1
1	1	13	3	69	109516	1
1	1	13	2	69	15851	1
1	1	13	4	69	4323	1
1	1	13	1	44	302610	1
1	1	13	3	44	324225	1
1	1	13	2	44	59081	1
1	1	13	4	44	17292	1
1	1	13	1	19	95106	1
1	1	13	3	19	1441	1
1	1	13	1	95	46112	1
1	1	13	3	95	112398	1
1	1	13	4	95	4323	1
1	1	13	2	95	14410	1
1	1	13	1	29	769494	0
1	1	13	3	29	138336	0
1	1	13	2	29	10087	0
1	1	13	4	29	1441	0
1	1	13	1	59	504350	0
1	1	13	3	59	122485	0
1	1	13	2	59	11528	0
1	1	13	4	59	1441	0
1	1	13	1	75	20174	0
1	1	13	1	31	70609	1
1	1	13	3	31	48994	1
1	1	13	4	31	10087	1
1	1	13	2	31	11528	1
1	1	13	2	58	11528	1
1	1	13	3	58	60522	1
1	1	13	1	58	129690	1
1	1	13	4	58	4323	1
1	1	13	3	85	180125	1
1	1	13	2	85	36025	1
1	1	13	4	85	2882	1
1	1	13	1	85	34584	1
1	1	13	3	46	105193	0
1	1	13	1	46	180125	0
1	1	13	2	46	23056	0
1	1	13	1	38	204622	0
1	1	13	3	38	67727	0
1	1	13	2	38	10087	0
1	1	13	1	35	494263	1
1	1	13	3	35	17292	1
1	1	13	2	35	10087	1
1	1	13	4	35	4323	1
1	1	13	1	60	246411	1
1	1	13	3	60	48994	1
1	1	13	2	60	7205	1
1	1	13	4	60	4323	1
1	1	13	3	103	54758	1
1	1	13	4	103	1441	1
1	1	13	1	103	8646	1
1	1	13	2	103	10087	1
1	1	13	1	83	190212	0
1	1	13	3	83	47553	0
1	1	13	2	83	4323	0
1	1	13	1	63	494263	0
1	1	13	3	63	97988	0
1	1	13	2	63	5764	0
1	1	13	1	71	63404	0
1	1	13	1	43	67727	0
1	1	13	1	84	63404	0
1	1	13	3	84	4323	0
1	1	13	1	51	197417	0
1	1	13	3	51	4323	0
1	1	13	1	91	92224	1
1	1	13	1	65	332871	0
1	1	13	3	65	18733	0
1	1	13	2	65	1441	0
1	1	13	1	72	64845	0
1	1	13	3	72	11528	0
1	1	13	2	72	1441	0
1	1	13	1	57	76373	0
1	1	13	1	86	154187	0
1	1	13	3	86	14410	0
1	1	13	1	64	145541	1
1	1	13	3	64	76373	1
1	1	13	2	64	8646	1
1	1	13	4	64	12969	1
1	1	13	1	37	100870	0
1	1	13	3	37	116721	0
1	1	13	2	37	14410	0
1	1	13	1	14	141218	0
1	1	13	1	76	73491	0
1	1	13	1	80	90783	1
1	1	13	1	77	63404	0
1	1	13	1	96	4323	0
1	1	13	3	20	12969	0
1	1	13	1	20	27379	0
1	1	13	2	27	1441	1
1	1	13	3	27	4323	1
1	1	13	1	27	7205	1
1	1	13	4	27	1441	1
1	1	13	1	48	34584	0
1	1	13	3	48	12969	0
1	1	13	2	48	1441	0
1	1	13	1	67	11528	0
1	1	13	1	66	24497	0
1	1	13	3	66	7205	0
1	1	13	2	66	1441	0
1	1	13	1	74	18733	0
1	1	13	3	74	4323	0
1	1	13	1	49	8646	0
1	1	13	1	54	5764	0
1	1	13	1	55	17292	0
1	1	13	1	50	15851	0
1	1	13	3	50	8646	0
1	1	13	1	15	20174	0
1	1	13	1	61	10087	0
1	1	13	1	94	2882	0
1	1	13	1	101	1441	0
1	1	13	1	82	1441	0
1	1	13	1	97	1441	0
1	1	13	1	98	27379	1
1	1	13	1	53	27379	0
1	1	13	1	92	25938	1
1	1	13	4	92	1441	1
1	1	13	1	22	8646	1
1	1	13	1	79	1441	0
1	1	13	1	68	2882	0
