1	1	13	1	1
1	2	13	1	1
1	3	13	1	1
1	4	13	1	1
1	5	4	1	1
1	6	4	1	1
1	7	4	1	1
1	8	4	1	1
1	9	104	1	1
1	10	45	1	1
1	11	45	1	1
1	12	45	1	1
1	13	3	1	1
1	14	3	1	1
1	15	3	1	1
1	16	69	1	1
1	17	69	1	1
1	18	69	1	1
1	19	2	1	1
1	20	2	1	1
1	21	2	1	1
1	22	44	1	1
1	23	44	1	1
1	24	44	1	1
1	25	17	1	1
1	26	17	1	1
1	27	17	1	1
1	28	16	1	1
1	29	16	1	1
1	30	16	1	1
1	31	16	1	1
1	32	40	1	1
1	33	40	1	1
1	34	40	1	1
1	35	33	1	1
1	36	21	1	1
1	37	21	1	1
1	38	19	1	1
1	39	19	1	1
1	40	95	1	1
1	41	95	1	1
1	42	26	1	0
1	43	26	1	0
1	44	26	1	0
1	45	29	1	0
1	46	29	1	0
1	47	29	1	0
1	48	59	1	0
1	49	59	1	0
1	50	59	1	0
1	51	24	1	0
1	52	24	1	0
1	53	24	1	0
1	54	36	1	1
1	55	36	1	1
1	56	36	1	1
1	57	70	1	1
1	58	70	1	1
1	59	70	1	1
1	60	39	1	0
1	61	39	1	0
1	62	39	1	0
1	63	56	1	1
1	64	56	1	1
1	65	56	1	1
1	66	18	1	1
1	67	18	1	1
1	68	18	1	1
1	69	18	1	1
1	70	62	1	0
1	71	62	1	0
1	72	62	1	0
1	73	75	1	0
1	74	31	1	1
1	75	31	1	1
1	76	41	1	1
1	77	41	1	1
1	78	41	1	1
1	79	98	1	1
1	80	91	1	1
1	81	53	1	0
1	82	60	1	1
1	83	60	1	1
1	84	60	1	1
1	85	92	1	1
1	86	35	1	1
1	87	35	1	1
1	88	28	1	1
1	89	28	1	1
1	90	28	1	1
1	91	85	1	1
1	92	85	1	1
1	93	85	1	1
1	94	5	1	0
1	95	5	1	0
1	96	32	1	1
1	97	32	1	1
1	98	32	1	1
1	99	64	1	1
1	100	64	1	1
1	101	64	1	1
1	102	38	1	0
1	103	38	1	0
1	104	38	1	0
1	105	12	1	0
1	106	12	1	0
1	107	12	1	0
1	108	10	1	0
1	109	10	1	0
1	110	10	1	0
1	111	10	1	0
1	112	6	1	0
1	113	6	1	0
1	114	22	1	1
1	115	22	1	1
1	116	22	1	1
1	117	58	1	1
1	118	58	1	1
1	119	58	1	1
1	120	58	1	1
1	121	9	1	0
1	122	9	1	0
1	123	23	1	1
1	124	14	1	0
1	125	50	1	0
1	126	50	1	0
1	127	50	1	0
1	128	51	1	0
1	129	51	1	0
1	130	7	1	0
1	131	7	1	0
1	132	7	1	0
1	133	7	1	0
1	134	30	1	0
1	135	11	1	1
1	136	11	1	1
1	137	88	1	0
1	138	37	1	0
1	139	37	1	0
1	140	37	1	0
1	141	34	1	0
1	142	34	1	0
1	143	65	1	0
1	144	65	1	0
1	145	65	1	0
1	146	8	1	0
1	147	8	1	0
1	148	78	1	1
1	149	46	1	0
1	150	46	1	0
1	151	46	1	0
1	152	99	1	0
1	153	66	1	0
1	154	20	1	0
1	155	20	1	0
1	156	47	1	1
1	157	25	1	0
1	158	25	1	0
1	159	25	1	0
1	160	63	1	0
1	161	63	1	0
1	162	63	1	0
1	163	57	1	0
1	164	27	1	1
1	165	27	1	1
1	166	15	1	0
1	167	15	1	0
1	168	102	1	1
1	169	83	1	0
1	170	83	1	0
1	171	71	1	0
1	172	43	1	0
1	173	43	1	0
1	174	84	1	0
1	175	84	1	0
1	176	72	1	0
1	177	72	1	0
1	178	86	1	0
1	179	86	1	0
1	180	76	1	0
1	181	76	1	0
1	182	80	1	1
1	183	77	1	0
1	184	101	1	0
1	185	73	1	0
1	186	82	1	0
1	187	93	1	0
1	188	79	1	0
1	189	48	1	0
1	190	48	1	0
1	191	48	1	0
1	192	94	1	0
1	193	67	1	0
1	194	55	1	0
1	195	55	1	0
1	196	54	1	0
1	197	68	1	0
1	198	81	1	0
1	199	103	1	1
1	200	103	1	1
1	201	61	1	0
1	202	61	1	0
1	203	61	1	0
1	204	87	1	0
1	205	42	1	0
1	206	52	1	1
2	207	19	1	1
2	208	3	1	1
2	209	9	1	0
2	210	10	1	0
2	211	18	1	1
2	212	18	1	1
2	213	28	1	1
2	214	6	1	0
2	215	13	1	1
2	216	13	1	1
2	217	13	1	1
2	218	13	1	1
2	219	44	1	1
2	220	44	1	1
2	221	44	1	1
2	222	4	1	1
2	223	4	1	1
2	224	104	1	1
2	225	45	1	1
2	226	45	1	1
2	227	69	1	1
2	228	69	1	1
2	229	17	1	1
2	230	16	1	1
2	231	16	1	1
2	232	40	1	1
2	233	40	1	1
2	234	40	1	1
2	235	33	1	1
2	236	21	1	1
2	237	95	1	1
2	238	26	1	0
2	239	26	1	0
2	240	26	1	0
2	241	29	1	0
2	242	59	1	0
2	243	59	1	0
2	244	24	1	0
2	245	24	1	0
2	246	36	1	1
2	247	70	1	1
2	248	70	1	1
2	249	39	1	0
2	250	39	1	0
2	251	56	1	1
2	252	62	1	0
2	253	75	1	0
2	254	31	1	1
2	255	31	1	1
2	256	41	1	1
2	257	41	1	1
2	258	41	1	1
2	259	22	1	1
2	260	83	1	0
2	261	34	1	0
2	262	63	1	0
2	263	63	1	0
2	264	71	1	0
2	265	8	1	0
2	266	43	1	0
2	267	84	1	0
2	268	58	1	1
2	269	32	1	1
2	98	32	1	1
2	270	32	1	1
2	271	51	1	0
2	272	91	1	1
2	273	65	1	0
2	274	72	1	0
2	275	57	1	0
2	276	11	1	1
2	277	86	1	0
2	278	64	1	1
2	279	37	1	0
2	280	14	1	0
2	281	35	1	1
2	282	35	1	1
2	283	35	1	1
2	284	25	1	0
2	285	25	1	0
2	286	76	1	0
2	287	80	1	1
2	288	30	1	0
2	289	77	1	0
2	290	46	1	0
2	291	85	1	1
2	292	20	1	0
2	293	66	1	0
2	294	15	1	0
2	295	48	1	0
2	296	12	1	0
2	297	73	1	0
2	298	55	1	0
2	299	38	1	0
2	300	38	1	0
2	301	88	1	0
2	302	60	1	1
2	303	74	1	0
2	304	49	1	0
2	305	54	1	0
2	306	50	1	0
2	307	61	1	0
2	308	7	1	0
2	309	94	1	0
2	310	101	1	0
2	311	82	1	0
2	312	97	1	0
2	313	89	1	0
2	314	5	1	0
2	315	27	1	1
2	316	23	1	1
2	317	99	1	0
2	318	78	1	1
3	319	18	1	1
3	320	18	1	1
3	321	8	1	0
3	322	15	1	0
3	323	46	1	0
3	324	46	1	0
3	325	46	1	0
3	326	24	1	0
3	327	21	1	1
3	328	6	1	0
3	329	6	1	0
3	330	6	1	0
3	331	10	1	0
3	332	41	1	1
3	333	41	1	1
3	334	56	1	1
3	335	56	1	1
3	336	13	1	1
3	337	13	1	1
3	338	13	1	1
3	339	13	1	1
3	340	4	1	1
3	341	4	1	1
3	342	4	1	1
3	343	104	1	1
3	344	45	1	1
3	345	45	1	1
3	346	69	1	1
3	347	44	1	1
3	348	44	1	1
3	349	17	1	1
3	350	16	1	1
3	351	16	1	1
3	352	40	1	1
3	353	40	1	1
3	354	33	1	1
3	355	19	1	1
3	356	95	1	1
3	357	95	1	1
3	358	26	1	0
3	359	26	1	0
3	360	29	1	0
3	361	29	1	0
3	362	59	1	0
3	363	36	1	1
3	364	70	1	1
3	365	39	1	0
3	366	62	1	0
3	367	75	1	0
3	368	31	1	1
3	369	31	1	1
3	370	58	1	1
3	371	9	1	0
3	372	51	1	0
3	373	30	1	0
3	374	38	1	0
3	375	38	1	0
3	376	5	1	0
3	377	32	1	1
3	378	32	1	1
3	261	34	1	0
3	142	34	1	0
3	379	35	1	1
3	380	65	1	0
3	381	12	1	0
3	382	12	1	0
3	383	78	1	1
3	384	28	1	1
3	385	28	1	1
3	386	60	1	1
3	387	60	1	1
3	388	14	1	0
3	389	22	1	1
3	390	20	1	0
3	391	66	1	0
3	392	48	1	0
3	393	73	1	0
3	394	55	1	0
3	395	64	1	1
3	396	64	1	1
3	397	64	1	1
3	398	27	1	1
3	260	83	1	0
3	399	83	1	0
3	400	63	1	0
3	263	63	1	0
3	264	71	1	0
3	266	43	1	0
3	401	43	1	0
3	402	84	1	0
3	403	91	1	1
3	274	72	1	0
3	177	72	1	0
3	404	57	1	0
3	405	57	1	0
3	406	11	1	1
3	407	86	1	0
3	408	37	1	0
3	409	37	1	0
3	284	25	1	0
3	286	76	1	0
3	410	80	1	1
3	289	77	1	0
3	411	23	1	1
3	412	7	1	0
3	413	98	1	1
3	414	53	1	0
3	415	92	1	1
3	416	85	1	1
3	417	67	1	0
3	418	47	1	1
4	419	104	1	1
4	420	104	1	1
4	421	104	1	1
4	422	104	1	1
4	423	13	1	1
4	424	13	1	1
4	425	13	1	1
4	426	13	1	1
4	427	45	1	1
4	428	45	1	1
4	429	45	1	1
4	430	69	1	1
4	431	69	1	1
4	432	44	1	1
4	433	44	1	1
4	434	44	1	1
4	435	17	1	1
4	436	17	1	1
4	437	17	1	1
4	438	16	1	1
4	439	16	1	1
4	440	16	1	1
4	441	40	1	1
4	442	40	1	1
4	443	40	1	1
4	444	33	1	1
4	445	33	1	1
4	446	21	1	1
4	447	21	1	1
4	448	19	1	1
4	449	19	1	1
4	450	19	1	1
4	451	95	1	1
4	452	95	1	1
4	453	95	1	1
4	454	26	1	0
4	455	26	1	0
4	456	26	1	0
4	457	26	1	0
4	458	29	1	0
4	459	29	1	0
4	460	29	1	0
4	461	59	1	0
4	462	59	1	0
4	463	24	1	0
4	464	24	1	0
4	465	24	1	0
4	466	36	1	1
4	467	36	1	1
4	468	36	1	1
4	469	70	1	1
4	470	70	1	1
4	58	70	1	1
4	471	39	1	0
4	472	39	1	0
4	62	39	1	0
4	473	56	1	1
4	474	56	1	1
4	475	18	1	1
4	476	18	1	1
4	477	18	1	1
4	478	62	1	0
4	479	62	1	0
4	480	62	1	0
4	481	75	1	0
4	482	75	1	0
4	483	75	1	0
4	484	31	1	1
4	485	31	1	1
4	486	31	1	1
4	487	41	1	1
4	488	41	1	1
4	489	41	1	1
4	490	85	1	1
4	491	85	1	1
4	492	85	1	1
4	493	85	1	1
4	494	38	1	0
4	300	38	1	0
4	495	38	1	0
4	496	86	1	0
4	497	86	1	0
4	498	63	1	0
4	499	63	1	0
4	162	63	1	0
4	500	51	1	0
4	501	28	1	1
4	502	28	1	1
4	503	60	1	1
4	504	60	1	1
4	505	60	1	1
4	506	46	1	0
4	507	46	1	0
4	508	46	1	0
4	509	64	1	1
4	510	64	1	1
4	511	35	1	1
4	512	32	1	1
4	513	32	1	1
4	514	32	1	1
4	515	80	1	1
4	516	80	1	1
4	517	6	1	0
4	518	6	1	0
4	519	83	1	0
4	520	83	1	0
4	521	34	1	0
4	522	34	1	0
4	142	34	1	0
4	523	71	1	0
4	524	8	1	0
4	525	8	1	0
4	526	43	1	0
4	527	84	1	0
4	175	84	1	0
4	528	58	1	1
4	529	58	1	1
4	530	91	1	1
4	531	65	1	0
4	532	65	1	0
4	533	72	1	0
4	534	57	1	0
4	535	57	1	0
4	536	57	1	0
4	537	11	1	1
4	538	11	1	1
4	539	37	1	0
4	540	37	1	0
4	541	14	1	0
4	542	25	1	0
4	543	25	1	0
4	544	76	1	0
4	545	30	1	0
4	546	77	1	0
4	547	103	1	1
4	548	103	1	1
4	200	103	1	1
4	549	103	1	1
4	111	10	1	0
4	550	10	1	0
4	551	10	1	0
4	552	9	1	0
4	553	27	1	1
4	554	22	1	1
4	555	47	1	1
4	556	78	1	1
4	137	88	1	0
4	557	20	1	0
4	558	81	1	0
4	559	98	1	1
4	560	53	1	0
4	561	92	1	1
4	562	92	1	1
4	563	5	1	0
4	564	5	1	0
4	565	12	1	0
4	566	12	1	0
4	567	55	1	0
4	568	7	1	0
4	569	7	1	0
4	570	48	1	0
4	571	48	1	0
4	572	48	1	0
4	573	50	1	0
4	574	50	1	0
4	575	15	1	0
4	576	67	1	0
5	577	26	1	1
5	578	26	1	1
5	579	26	1	1
5	580	26	1	1
5	581	13	1	0
5	582	13	1	0
5	218	13	1	0
5	583	32	1	0
5	584	45	1	0
5	585	17	1	0
5	586	17	1	0
5	587	34	1	0
5	588	35	1	0
5	589	41	1	0
5	590	40	1	0
5	591	65	1	1
5	592	65	1	1
5	593	65	1	1
5	594	24	1	1
5	595	29	1	1
5	596	29	1	1
5	597	29	1	1
5	598	18	1	0
5	599	6	1	1
5	329	6	1	1
5	600	10	1	0
5	601	21	1	0
5	602	33	1	0
5	603	8	1	0
5	604	8	1	0
5	605	51	1	0
5	606	12	1	0
5	607	16	1	0
5	351	16	1	0
5	608	78	1	0
5	609	28	1	0
5	610	60	1	0
5	611	46	1	0
5	612	69	1	0
5	613	59	1	1
5	614	76	1	1
5	615	62	1	1
5	616	62	1	1
5	617	62	1	1
5	618	39	1	1
5	619	39	1	1
5	620	39	1	1
5	621	75	1	1
5	622	30	1	1
5	288	30	1	1
5	175	84	1	1
5	623	19	1	0
5	624	58	1	0
5	625	53	1	1
5	626	53	1	1
5	418	47	1	0
5	627	98	1	0
5	272	91	1	0
5	628	44	1	0
5	629	92	1	0
5	630	70	1	0
5	631	85	1	0
5	632	36	1	0
5	633	64	1	0
5	634	38	1	0
5	635	14	1	0
6	636	56	1	0
6	637	56	1	0
6	65	56	1	0
6	638	10	1	0
6	639	10	1	0
6	640	18	1	0
6	212	18	1	0
6	69	18	1	0
6	641	19	1	0
6	642	11	1	0
6	136	11	1	0
6	553	27	1	0
6	165	27	1	0
6	643	17	1	0
6	644	17	1	0
6	645	26	1	1
6	646	26	1	1
6	647	26	1	1
6	648	26	1	1
6	158	25	1	1
6	649	25	1	1
6	650	25	1	1
6	651	24	1	1
6	652	24	1	1
6	653	24	1	1
6	53	24	1	1
6	619	39	1	1
6	654	39	1	1
6	618	39	1	1
6	532	65	1	1
6	655	65	1	1
6	593	65	1	1
6	656	29	1	1
6	596	29	1	1
6	657	29	1	1
6	658	13	1	0
6	659	13	1	0
6	660	13	1	0
6	661	40	1	0
6	662	40	1	0
6	234	40	1	0
6	663	41	1	0
6	333	41	1	0
6	664	16	1	0
6	665	16	1	0
6	666	62	1	1
6	71	62	1	1
6	667	62	1	1
6	668	45	1	0
6	669	45	1	0
6	670	21	1	0
6	671	21	1	0
6	672	21	1	0
6	673	38	1	0
6	300	38	1	0
6	674	38	1	0
6	675	95	1	0
6	676	44	1	0
6	677	28	1	0
6	678	28	1	0
6	679	28	1	0
6	680	35	1	0
6	87	35	1	0
6	681	88	1	0
6	682	60	1	0
6	387	60	1	0
6	683	59	1	1
6	684	59	1	1
6	685	59	1	1
6	235	33	1	0
6	445	33	1	0
6	686	32	1	0
6	687	32	1	0
6	368	31	1	0
6	688	57	1	1
6	689	57	1	1
6	690	57	1	1
6	691	57	1	1
6	692	53	1	1
6	693	43	1	0
6	506	46	1	0
6	694	46	1	0
6	324	46	1	0
6	695	51	1	0
6	129	51	1	0
6	696	14	1	0
6	697	48	1	0
6	698	48	1	0
6	699	69	1	0
6	700	69	1	0
6	279	37	1	0
6	701	37	1	0
6	702	37	1	0
6	703	83	1	0
6	704	83	1	0
6	705	83	1	0
6	706	64	1	0
6	707	64	1	0
6	708	64	1	0
6	709	12	1	0
6	710	12	1	0
6	142	34	1	0
6	711	34	1	0
6	712	63	1	1
6	713	63	1	1
6	714	63	1	1
6	715	63	1	1
6	716	9	1	0
6	317	99	1	0
6	717	75	1	1
6	718	66	1	0
6	719	20	1	0
6	720	20	1	0
6	721	79	1	0
6	722	58	1	0
6	723	58	1	0
6	724	8	1	0
6	725	8	1	0
6	576	67	1	1
6	726	36	1	0
6	727	36	1	0
6	373	30	1	1
6	728	78	1	0
6	729	71	1	0
6	730	84	1	1
6	731	84	1	1
6	732	84	1	1
6	733	91	1	0
6	734	72	1	0
6	735	72	1	0
6	736	86	1	1
6	737	86	1	1
6	738	86	1	1
6	739	76	1	1
6	740	80	1	0
6	741	77	1	0
6	742	22	1	0
6	316	23	1	0
6	418	47	1	0
6	248	70	1	0
6	743	81	1	1
6	744	52	1	0
6	194	55	1	0
6	196	54	1	0
7	745	17	1	0
7	746	74	1	1
7	747	74	1	1
7	748	74	1	1
7	749	20	1	1
7	155	20	1	1
7	720	20	1	1
7	750	55	1	1
7	751	55	1	1
7	752	55	1	1
7	753	55	1	1
7	754	10	1	0
7	755	10	1	0
7	550	10	1	0
7	756	38	1	1
7	495	38	1	1
7	757	38	1	1
7	758	38	1	1
7	759	54	1	1
7	760	66	1	1
7	761	66	1	1
7	762	66	1	1
7	763	26	1	0
7	764	26	1	0
7	765	50	1	1
7	766	50	1	1
7	520	83	1	1
7	767	83	1	1
7	768	29	1	0
7	769	29	1	0
7	770	19	1	0
7	771	13	1	0
7	772	13	1	0
7	773	56	1	0
7	774	15	1	0
7	775	12	1	1
7	776	12	1	1
7	777	12	1	1
7	778	68	1	1
7	779	68	1	1
7	780	68	1	1
7	781	68	1	1
7	782	8	1	1
7	604	8	1	1
7	273	65	1	0
7	783	59	1	0
7	784	37	1	1
7	785	34	1	0
7	522	34	1	0
7	786	34	1	0
7	787	61	1	0
7	788	51	1	1
7	190	48	1	1
7	789	48	1	1
7	790	46	1	1
7	791	46	1	1
7	792	94	1	1
7	793	49	1	1
7	794	32	1	0
7	795	28	1	0
7	796	9	1	1
7	797	90	1	0
7	275	57	1	0
7	301	88	1	1
7	798	39	1	0
7	799	14	1	0
7	554	22	1	0
7	800	18	1	0
7	801	21	1	0
7	802	63	1	0
7	803	36	1	0
7	804	24	1	0
8	805	18	1	0
8	806	9	1	1
8	807	10	1	0
8	808	10	1	0
8	809	41	1	0
8	810	41	1	0
8	811	41	1	0
8	812	21	1	0
8	813	17	1	0
8	586	17	1	0
8	814	38	1	1
8	815	38	1	1
8	816	38	1	1
8	817	38	1	1
8	818	74	1	1
8	819	20	1	1
8	155	20	1	1
8	820	20	1	1
8	821	26	1	0
8	240	26	1	0
8	763	26	1	0
8	822	65	1	0
8	823	59	1	0
8	824	37	1	1
8	540	37	1	1
8	825	34	1	0
8	826	61	1	0
8	827	51	1	1
8	828	48	1	1
8	572	48	1	1
8	829	48	1	1
8	830	50	1	1
8	831	50	1	1
8	832	46	1	1
8	325	46	1	1
8	508	46	1	1
8	833	94	1	1
8	834	12	1	1
8	835	12	1	1
8	836	15	1	0
8	837	15	1	0
8	838	83	1	1
8	839	13	1	0
8	840	13	1	0
8	841	13	1	0
8	842	44	1	0
8	843	40	1	0
8	262	63	1	0
8	802	63	1	0
8	241	29	1	0
8	844	29	1	0
8	264	71	1	0
8	845	43	1	0
8	846	62	1	0
8	402	84	1	0
8	847	16	1	0
8	848	58	1	0
8	849	58	1	0
8	850	24	1	0
8	804	24	1	0
8	851	32	1	0
8	272	91	1	0
8	852	28	1	0
8	274	72	1	1
8	853	57	1	0
8	688	57	1	0
8	691	57	1	0
8	854	11	1	0
8	277	86	1	0
8	633	64	1	0
8	280	14	1	0
8	281	35	1	0
8	620	39	1	0
8	855	36	1	0
8	803	36	1	0
8	284	25	1	0
8	286	76	1	0
8	287	80	1	0
8	856	45	1	0
8	288	30	1	0
8	289	77	1	0
8	857	69	1	0
8	858	90	1	0
8	859	54	1	1
8	860	56	1	0
8	861	68	1	1
8	862	88	1	1
8	863	49	1	1
8	293	66	1	1
8	864	55	1	1
8	206	52	1	0
8	865	19	1	0
8	866	27	1	0
8	867	33	1	0
8	383	78	1	0
8	868	60	1	0
8	389	22	1	0
8	297	73	1	0
9	869	10	1	0
9	639	10	1	0
9	295	48	1	1
9	870	38	1	1
9	871	38	1	1
9	872	38	1	1
9	873	38	1	1
9	874	18	1	0
9	875	18	1	0
9	876	18	1	0
9	877	23	1	0
9	878	19	1	0
9	855	36	1	0
9	879	22	1	0
9	609	28	1	0
9	880	13	1	0
9	881	13	1	0
9	218	13	1	0
9	882	41	1	0
9	883	21	1	0
9	884	17	1	0
9	626	53	1	0
9	885	64	1	0
9	886	56	1	0
9	636	56	1	0
9	887	27	1	0
9	888	30	1	0
9	889	66	1	1
9	890	74	1	1
9	891	49	1	1
9	892	12	1	1
9	893	54	1	1
9	894	20	1	1
9	895	37	1	1
9	896	55	1	1
9	785	34	1	0
9	897	50	1	1
9	898	32	1	0
9	899	15	1	0
9	900	61	1	0
9	901	46	1	1
9	902	51	1	1
9	309	94	1	1
9	903	99	1	0
9	253	75	1	0
9	904	16	1	0
9	838	83	1	1
9	905	33	1	0
9	906	82	1	0
9	907	11	1	0
9	908	39	1	0
9	696	14	1	0
9	744	52	1	0
9	909	31	1	0
9	910	24	1	0
9	911	63	1	0
9	588	35	1	0
9	764	26	1	0
9	275	57	1	0
9	912	45	1	0
9	913	58	1	0
9	274	72	1	1
10	914	17	1	0
10	436	17	1	0
10	586	17	1	0
10	249	39	1	0
10	250	39	1	0
10	915	14	1	1
10	897	50	1	0
10	916	12	1	0
10	917	12	1	0
10	918	22	1	0
10	919	19	1	0
10	920	19	1	0
10	39	19	1	0
10	921	51	1	0
10	922	18	1	0
10	923	38	1	0
10	924	38	1	0
10	925	30	1	0
10	926	26	1	0
10	927	26	1	0
10	240	26	1	0
10	928	65	1	0
10	929	29	1	0
10	930	29	1	0
10	931	15	1	1
10	932	15	1	1
10	933	15	1	1
10	894	20	1	0
10	934	48	1	0
10	935	59	1	0
10	936	59	1	0
10	937	59	1	0
10	938	23	1	0
10	939	40	1	0
10	353	40	1	0
10	940	94	1	0
10	941	28	1	0
10	942	28	1	0
10	943	13	1	0
10	338	13	1	0
10	944	13	1	0
10	945	99	1	1
10	946	27	1	0
10	195	55	1	0
10	947	55	1	0
10	893	54	1	0
10	948	41	1	0
10	949	41	1	0
10	258	41	1	0
10	950	16	1	0
10	351	16	1	0
10	951	62	1	0
10	584	45	1	0
10	669	45	1	0
10	952	21	1	0
10	675	95	1	0
10	357	95	1	0
10	953	44	1	0
10	954	44	1	0
10	955	11	1	0
10	956	35	1	0
10	681	88	1	0
10	610	60	1	0
10	602	33	1	0
10	957	32	1	0
10	270	32	1	0
10	254	31	1	0
10	255	31	1	0
10	958	66	1	0
10	889	66	1	0
10	959	66	1	0
10	367	75	1	0
10	960	56	1	0
10	636	56	1	0
10	961	34	1	1
10	962	34	1	1
10	853	57	1	0
10	688	57	1	0
10	691	57	1	0
10	963	24	1	0
10	964	24	1	0
10	965	64	1	0
10	708	64	1	0
10	966	64	1	0
10	967	67	1	0
10	246	36	1	0
10	727	36	1	0
10	968	53	1	0
10	560	53	1	0
10	969	53	1	0
10	970	72	1	0
10	971	72	1	0
10	735	72	1	0
10	972	46	1	0
10	797	90	1	1
10	973	37	1	0
10	974	68	1	0
10	307	61	1	1
10	975	74	1	0
10	767	83	1	0
10	976	49	1	0
10	977	85	1	0
10	978	85	1	0
10	979	103	1	0
10	980	103	1	0
10	911	63	1	0
10	802	63	1	0
10	693	43	1	1
10	297	73	1	1
10	981	42	1	1
10	982	78	1	0
10	983	69	1	0
10	287	80	1	0
10	204	87	1	1
10	984	82	1	1
10	206	52	1	0
10	985	52	1	0
10	730	84	1	0
10	370	58	1	0
10	986	25	1	0
11	987	14	1	0
11	988	13	1	1
11	989	13	1	1
11	990	13	1	1
11	991	13	1	1
11	992	18	1	1
11	865	19	1	1
11	993	32	1	1
11	994	32	1	1
11	995	32	1	1
11	996	32	1	1
11	997	40	1	1
11	998	40	1	1
11	999	40	1	1
11	1000	40	1	1
11	928	65	1	0
11	1001	34	1	0
11	786	34	1	0
11	1002	48	1	0
11	1003	17	1	1
11	1004	17	1	1
11	362	59	1	0
11	462	59	1	0
11	1005	51	1	0
11	1006	26	1	0
11	1007	26	1	0
11	240	26	1	0
11	689	57	1	0
11	1008	41	1	1
11	1009	41	1	1
11	78	41	1	1
11	676	44	1	1
11	1010	44	1	1
11	1011	44	1	1
11	1012	24	1	0
11	1013	24	1	0
11	465	24	1	0
11	654	39	1	0
11	1014	39	1	0
11	1015	56	1	1
11	707	64	1	1
11	966	64	1	1
11	1016	64	1	1
11	967	67	1	0
11	1017	36	1	1
11	1018	88	1	0
11	1019	29	1	0
11	1020	29	1	0
11	302	60	1	1
11	387	60	1	1
11	84	60	1	1
11	1021	63	1	0
11	1022	63	1	0
11	715	63	1	0
11	1023	46	1	0
11	290	46	1	0
11	1024	69	1	1
11	1025	69	1	1
11	227	69	1	1
11	1026	70	1	1
11	1027	21	1	1
11	1028	21	1	1
11	1029	21	1	1
11	1030	33	1	1
11	1031	33	1	1
11	1032	16	1	1
11	1033	16	1	1
11	1034	16	1	1
11	1035	47	1	1
11	373	30	1	0
11	666	62	1	0
11	1036	78	1	1
11	1037	28	1	1
11	1038	28	1	1
11	1039	28	1	1
11	1040	28	1	1
11	1041	25	1	0
11	702	37	1	0
11	1042	37	1	0
11	1043	37	1	0
11	557	20	1	0
11	709	12	1	0
11	1044	74	1	0
11	1045	74	1	0
11	177	72	1	0
11	1046	72	1	0
11	375	38	1	0
11	1047	38	1	0
11	976	49	1	0
11	1048	66	1	0
11	1049	50	1	0
11	584	45	1	1
11	675	95	1	1
11	357	95	1	1
11	956	35	1	1
11	254	31	1	1
11	255	31	1	1
11	1050	43	1	0
11	979	103	1	1
11	1051	85	1	1
11	838	83	1	0
11	1052	71	1	0
11	1053	84	1	0
11	1054	58	1	1
11	849	58	1	1
11	1055	91	1	1
11	1056	86	1	0
11	1057	86	1	0
11	1058	76	1	0
11	410	80	1	1
11	1059	77	1	0
11	1060	27	1	1
11	560	53	1	0
12	814	38	1	1
12	1061	38	1	1
12	1062	38	1	1
12	871	38	1	1
12	1063	66	1	1
12	1064	66	1	1
12	1065	74	1	1
12	1044	74	1	1
12	1066	49	1	1
12	1067	54	1	1
12	1068	20	1	1
12	1069	37	1	1
12	140	37	1	1
12	1070	37	1	1
12	1071	55	1	1
12	194	55	1	1
12	1072	34	1	0
12	786	34	1	0
12	1073	50	1	1
12	1074	50	1	1
12	1075	50	1	1
12	1076	50	1	1
12	1077	48	1	1
12	189	48	1	1
12	1078	48	1	1
12	1079	13	1	0
12	1080	13	1	0
12	1081	32	1	0
12	1082	32	1	0
12	1083	28	1	0
12	942	28	1	0
12	1084	15	1	0
12	1085	15	1	0
12	1086	61	1	0
12	1087	46	1	1
12	1088	46	1	1
12	508	46	1	1
12	1089	51	1	1
12	192	94	1	1
12	1090	65	1	0
12	1091	65	1	0
12	1092	29	1	0
12	1093	29	1	0
12	1094	41	1	0
12	882	41	1	0
12	1095	90	1	0
12	853	57	1	0
12	1096	56	1	0
12	1097	56	1	0
12	636	56	1	0
12	1098	68	1	1
12	1099	88	1	1
12	1100	83	1	1
12	520	83	1	1
12	1101	59	1	0
12	1102	59	1	0
12	1103	63	1	0
12	1104	36	1	0
12	632	36	1	0
12	245	24	1	0
12	1105	24	1	0
12	1106	24	1	0
12	1107	39	1	0
12	250	39	1	0
12	987	14	1	0
12	1108	22	1	0
12	1109	19	1	0
12	1110	18	1	0
12	212	18	1	0
12	1111	40	1	0
12	843	40	1	0
12	1112	26	1	0
12	1113	26	1	0
12	177	72	1	1
12	903	99	1	0
12	367	75	1	0
12	1114	16	1	0
12	297	73	1	0
12	1115	45	1	0
12	1116	17	1	0
12	1117	35	1	0
12	282	35	1	0
12	801	21	1	0
12	1118	33	1	0
12	318	78	1	0
12	1119	60	1	0
12	1120	60	1	0
12	1121	69	1	0
12	1122	64	1	0
12	633	64	1	0
12	617	62	1	0
12	627	98	1	0
12	272	91	1	0
12	626	53	1	0
12	628	44	1	0
12	629	92	1	0
12	630	70	1	0
12	631	85	1	0
13	1123	70	1	1
13	1124	70	1	1
13	1125	70	1	1
13	1126	70	1	1
13	1127	21	1	1
13	1128	21	1	1
13	1129	21	1	1
13	1130	21	1	1
13	1131	41	1	1
13	1132	41	1	1
13	1133	41	1	1
13	1134	41	1	1
13	1135	33	1	1
13	1136	33	1	1
13	1137	33	1	1
13	1138	33	1	1
13	1139	26	1	0
13	1140	26	1	0
13	1141	26	1	0
13	1142	16	1	1
13	1143	16	1	1
13	1144	16	1	1
13	1145	16	1	1
13	1146	47	1	1
13	1147	47	1	1
13	1148	47	1	1
13	1149	32	1	1
13	1150	32	1	1
13	1151	32	1	1
13	1152	32	1	1
13	1153	56	1	1
13	1154	56	1	1
13	1155	56	1	1
13	1156	56	1	1
13	1157	30	1	0
13	1158	17	1	1
13	1159	17	1	1
13	1160	17	1	1
13	1161	17	1	1
13	1162	36	1	1
13	1163	36	1	1
13	1164	36	1	1
13	1165	36	1	1
13	1166	62	1	0
13	1167	62	1	0
13	480	62	1	0
13	1168	78	1	1
13	1169	78	1	1
13	1170	78	1	1
13	1171	78	1	1
13	1172	88	1	0
13	1173	39	1	0
13	1174	39	1	0
13	1175	39	1	0
13	1176	18	1	1
13	1177	18	1	1
13	876	18	1	1
13	69	18	1	1
13	1178	34	1	0
13	1179	34	1	0
13	1180	34	1	0
13	1181	34	1	0
13	1182	40	1	1
13	1183	40	1	1
13	1184	40	1	1
13	1185	40	1	1
13	1186	28	1	1
13	1187	28	1	1
13	1188	28	1	1
13	1189	28	1	1
13	1190	25	1	0
13	649	25	1	0
13	1191	24	1	0
13	1192	24	1	0
13	1193	24	1	0
13	1194	104	1	1
13	1195	104	1	1
13	419	104	1	1
13	420	104	1	1
13	1196	45	1	1
13	1197	45	1	1
13	1198	45	1	1
13	1199	45	1	1
13	1200	69	1	1
13	1201	69	1	1
13	1202	69	1	1
13	1203	69	1	1
13	1204	44	1	1
13	1205	44	1	1
13	1206	44	1	1
13	1207	44	1	1
13	1208	19	1	1
13	1209	19	1	1
13	1210	95	1	1
13	1211	95	1	1
13	1212	95	1	1
13	1213	95	1	1
13	1214	29	1	0
13	1215	29	1	0
13	1216	29	1	0
13	1217	29	1	0
13	1218	59	1	0
13	1219	59	1	0
13	1220	59	1	0
13	1221	59	1	0
13	1222	75	1	0
13	1223	31	1	1
13	1224	31	1	1
13	1225	31	1	1
13	1226	31	1	1
13	1227	58	1	1
13	1228	58	1	1
13	1229	58	1	1
13	1230	58	1	1
13	1231	85	1	1
13	1232	85	1	1
13	491	85	1	1
13	1233	85	1	1
13	1234	46	1	0
13	1235	46	1	0
13	1236	46	1	0
13	1237	38	1	0
13	1238	38	1	0
13	104	38	1	0
13	1239	35	1	1
13	1240	35	1	1
13	1241	35	1	1
13	1242	35	1	1
13	1243	60	1	1
13	1244	60	1	1
13	1245	60	1	1
13	1246	60	1	1
13	1247	103	1	1
13	547	103	1	1
13	1248	103	1	1
13	1249	103	1	1
13	1250	83	1	0
13	1251	83	1	0
13	1252	83	1	0
13	1253	63	1	0
13	1254	63	1	0
13	1255	63	1	0
13	1256	71	1	0
13	1257	43	1	0
13	1258	84	1	0
13	731	84	1	0
13	1259	51	1	0
13	1260	51	1	0
13	1261	91	1	1
13	1262	65	1	0
13	1263	65	1	0
13	593	65	1	0
13	1264	72	1	0
13	1265	72	1	0
13	971	72	1	0
13	1266	57	1	0
13	1267	86	1	0
13	1268	86	1	0
13	1269	64	1	1
13	1270	64	1	1
13	1271	64	1	1
13	1272	64	1	1
13	1273	37	1	0
13	1274	37	1	0
13	1275	37	1	0
13	1276	14	1	0
13	1277	76	1	0
13	1278	80	1	1
13	1279	77	1	0
13	1280	96	1	0
13	1281	20	1	0
13	894	20	1	0
13	1282	27	1	1
13	1283	27	1	1
13	315	27	1	1
13	1284	27	1	1
13	1285	48	1	0
13	1286	48	1	0
13	572	48	1	0
13	1287	67	1	0
13	1288	66	1	0
13	1289	66	1	0
13	959	66	1	0
13	818	74	1	0
13	1290	74	1	0
13	1291	49	1	0
13	305	54	1	0
13	1292	55	1	0
13	897	50	1	0
13	1293	50	1	0
13	1294	15	1	0
13	1295	61	1	0
13	1296	94	1	0
13	310	101	1	0
13	311	82	1	0
13	312	97	1	0
13	1297	98	1	1
13	1298	53	1	0
13	1299	92	1	1
13	562	92	1	1
13	1300	22	1	1
13	188	79	1	0
13	974	68	1	0
14	1301	19	1	0
14	1302	24	1	0
14	1303	41	1	0
14	261	34	1	1
14	1304	15	1	1
14	1305	46	1	0
14	1306	22	1	0
14	1307	27	1	0
14	1308	39	1	0
14	1309	50	1	0
14	1310	51	1	0
14	1311	18	1	0
14	1312	20	1	0
14	317	99	1	1
14	391	66	1	0
14	697	48	1	0
14	393	73	1	1
14	394	55	1	0
14	1313	26	1	0
14	1314	17	1	0
14	1315	43	1	1
14	1316	56	1	0
14	857	69	1	0
14	1317	37	1	0
14	634	38	1	0
14	838	83	1	0
14	1318	44	1	0
14	1319	40	1	0
14	1320	63	1	0
14	1321	29	1	0
14	1322	59	1	0
14	1052	71	1	1
14	1323	62	1	0
14	1053	84	1	0
14	1324	16	1	0
14	1054	58	1	0
14	1325	32	1	0
14	1055	91	1	0
14	1326	65	1	0
14	1327	28	1	0
14	1328	72	1	0
14	1329	57	1	0
14	1056	86	1	0
14	1330	64	1	0
14	1331	35	1	0
14	246	36	1	0
14	1332	25	1	0
14	1058	76	1	0
14	410	80	1	0
14	856	45	1	0
14	925	30	1	0
14	1059	77	1	1
15	1180	34	1	1
15	825	34	1	1
15	522	34	1	1
15	142	34	1	1
15	1333	74	1	0
15	1334	74	1	0
15	1335	19	1	0
15	244	24	1	0
15	1336	46	1	0
15	324	46	1	0
15	1337	46	1	0
15	1338	22	1	0
15	1339	27	1	0
15	165	27	1	0
15	1340	66	1	0
15	1341	66	1	0
15	1342	38	1	0
15	1343	38	1	0
15	891	49	1	0
15	893	54	1	0
15	1344	20	1	0
15	557	20	1	0
15	155	20	1	0
15	139	37	1	0
15	540	37	1	0
15	1345	55	1	0
15	306	50	1	0
15	765	50	1	0
15	1346	50	1	0
15	1347	48	1	0
15	1348	48	1	0
15	898	32	1	0
15	1349	28	1	0
15	1350	61	1	1
15	202	61	1	1
15	1351	51	1	0
15	129	51	1	0
15	309	94	1	0
15	1352	56	1	0
15	1353	73	1	1
15	1354	73	1	1
15	1355	99	1	1
15	984	82	1	1
15	184	101	1	1
15	187	93	1	1
15	188	79	1	1
15	1356	65	1	0
15	930	29	1	0
15	769	29	1	0
15	1357	41	1	0
15	1358	41	1	0
15	1359	18	1	0
15	1360	26	1	0
16	1361	31	1	1
16	255	31	1	1
16	1362	58	1	1
16	1363	58	1	1
16	1364	58	1	1
16	1365	58	1	1
16	1366	44	1	1
16	1367	44	1	1
16	1368	44	1	1
16	1369	95	1	1
16	1370	95	1	1
16	1371	26	1	0
16	1372	26	1	0
16	1373	26	1	0
16	1374	40	1	1
16	1375	40	1	1
16	1376	40	1	1
16	1377	41	1	1
16	1378	41	1	1
16	1379	41	1	1
16	1343	38	1	0
16	1380	38	1	0
16	300	38	1	0
16	1381	85	1	1
16	1382	85	1	1
16	1383	85	1	1
16	1384	17	1	1
16	1385	17	1	1
16	1386	62	1	0
16	667	62	1	0
16	1387	62	1	0
16	1388	98	1	1
16	1389	91	1	1
16	1390	19	1	1
16	1391	53	1	0
16	1392	60	1	1
16	387	60	1	1
16	1393	92	1	1
16	1394	33	1	1
16	1031	33	1	1
16	1395	35	1	1
16	1396	70	1	1
16	59	70	1	1
16	58	70	1	1
16	1397	28	1	1
16	1398	28	1	1
16	1399	39	1	0
16	1400	39	1	0
16	62	39	1	0
16	1401	45	1	1
16	1402	45	1	1
16	1403	18	1	1
16	1404	18	1	1
16	476	18	1	1
16	69	18	1	1
16	1405	32	1	1
16	1406	32	1	1
16	1407	69	1	1
16	1408	69	1	1
16	1025	69	1	1
16	1409	36	1	1
16	727	36	1	1
16	1410	64	1	1
16	1411	21	1	1
16	1412	21	1	1
16	1413	21	1	1
16	1414	88	1	0
16	1415	59	1	0
16	1416	47	1	1
16	1417	56	1	1
16	1418	56	1	1
16	1419	30	1	0
16	1420	78	1	1
16	1421	34	1	0
16	1422	25	1	0
16	285	25	1	0
16	1423	24	1	0
16	245	24	1	0
16	1105	24	1	0
16	1424	104	1	1
16	1425	29	1	0
16	1426	75	1	0
16	483	75	1	0
16	1427	103	1	1
16	903	99	1	0
16	1048	66	1	0
16	390	20	1	0
16	1428	83	1	0
16	1429	63	1	0
16	1430	63	1	0
16	1431	71	1	0
16	1315	43	1	0
16	267	84	1	0
16	271	51	1	0
16	129	51	1	0
16	1432	65	1	0
16	593	65	1	0
16	1433	72	1	0
16	853	57	1	0
16	1434	86	1	0
16	408	37	1	0
16	140	37	1	0
16	540	37	1	0
16	1435	76	1	0
16	181	76	1	0
16	1436	80	1	1
16	1437	77	1	0
16	790	46	1	0
16	1023	46	1	0
16	508	46	1	0
16	570	48	1	0
16	1438	48	1	0
16	1078	48	1	0
16	165	27	1	1
16	866	27	1	1
16	1439	50	1	0
17	355	19	1	1
17	920	19	1	1
17	1440	19	1	1
17	1441	28	1	1
17	678	28	1	1
17	206	52	1	1
17	1442	40	1	1
17	1443	40	1	1
17	1374	40	1	1
17	1444	41	1	1
17	1445	41	1	1
17	810	41	1	1
17	1446	62	1	0
17	1447	62	1	0
17	1448	26	1	0
17	1449	26	1	0
17	1450	26	1	0
17	1451	39	1	0
17	1452	39	1	0
17	1453	45	1	1
17	1454	21	1	1
17	672	21	1	1
17	1455	21	1	1
17	1456	38	1	0
17	674	38	1	0
17	1457	95	1	1
17	1458	95	1	1
17	1459	95	1	1
17	1460	44	1	1
17	1011	44	1	1
17	348	44	1	1
17	1461	35	1	1
17	1462	35	1	1
17	1463	35	1	1
17	1464	88	1	0
17	1465	60	1	1
17	1466	59	1	0
17	1467	59	1	0
17	1468	59	1	0
17	1469	33	1	1
17	1470	33	1	1
17	1031	33	1	1
17	1471	32	1	1
17	1472	32	1	1
17	1473	32	1	1
17	1474	31	1	1
17	1475	47	1	1
17	1476	43	1	0
17	1417	56	1	1
17	1477	56	1	1
17	64	56	1	1
17	1478	46	1	0
17	325	46	1	0
17	1479	51	1	0
17	1002	48	1	0
17	1480	69	1	1
17	1408	69	1	1
17	18	69	1	1
17	1481	37	1	0
17	540	37	1	0
17	1482	18	1	1
17	876	18	1	1
17	1483	18	1	1
17	421	104	1	1
17	1484	29	1	0
17	1485	29	1	0
17	1486	24	1	0
17	1487	24	1	0
17	1488	36	1	1
17	803	36	1	1
17	1489	70	1	1
17	248	70	1	1
17	1490	75	1	0
17	877	23	1	1
17	1491	65	1	0
17	1492	65	1	0
17	1493	34	1	0
17	142	34	1	0
17	1494	57	1	0
17	1495	64	1	1
17	966	64	1	1
17	193	67	1	0
17	1496	78	1	1
17	1171	78	1	1
17	1497	78	1	1
17	413	98	1	1
17	1498	91	1	1
17	414	53	1	0
17	415	92	1	1
17	416	85	1	1
17	1499	30	1	0
17	1500	25	1	0
17	1501	25	1	0
17	285	25	1	0
17	1502	83	1	0
17	1503	63	1	0
17	162	63	1	0
17	1504	63	1	0
17	1431	71	1	0
17	267	84	1	0
17	175	84	1	0
17	1505	58	1	1
17	624	58	1	1
17	1433	72	1	0
17	177	72	1	0
17	1434	86	1	0
17	1057	86	1	0
17	1435	76	1	0
17	1436	80	1	1
17	1437	77	1	0
17	1506	55	1	0
17	1507	27	1	1
17	165	27	1	1
17	1284	27	1	1
17	820	20	1	0
17	1049	50	1	0
18	1309	50	1	0
18	254	31	1	1
18	1508	41	1	1
18	257	41	1	1
18	838	83	1	0
18	520	83	1	0
18	1509	44	1	1
18	1010	44	1	1
18	352	40	1	1
18	1510	40	1	1
18	1511	34	1	0
18	962	34	1	0
18	786	34	1	0
18	1512	63	1	0
18	802	63	1	0
18	1513	29	1	0
18	1485	29	1	0
18	1514	26	1	0
18	359	26	1	0
18	240	26	1	0
18	1515	59	1	0
18	1052	71	1	0
18	1516	43	1	0
18	1517	62	1	0
18	1053	84	1	0
18	1518	58	1	1
18	326	24	1	0
18	1519	32	1	1
18	1520	32	1	1
18	902	51	1	0
18	403	91	1	1
18	1432	65	1	0
18	1521	28	1	1
18	1328	72	1	0
18	404	57	1	0
18	1522	86	1	0
18	707	64	1	1
18	510	64	1	1
18	1481	37	1	0
18	1523	37	1	0
18	379	35	1	1
18	282	35	1	1
18	654	39	1	0
18	726	36	1	1
18	1524	36	1	1
18	468	36	1	1
18	1525	25	1	0
18	1058	76	1	0
18	1436	80	1	1
18	225	45	1	1
18	226	45	1	1
18	888	30	1	0
18	1059	77	1	0
18	1526	69	1	1
18	228	69	1	1
18	290	46	1	0
18	508	46	1	0
18	791	46	1	0
18	1306	22	1	1
18	448	19	1	1
18	1047	38	1	0
18	1527	102	1	1
18	1528	23	1	1
18	393	73	1	0
18	1312	20	1	0
18	205	42	1	0
18	236	21	1	1
18	1529	21	1	1
18	1530	33	1	1
18	383	78	1	1
18	1531	60	1	1
18	1120	60	1	1
18	1015	56	1	1
18	1477	56	1	1
18	1507	27	1	1
18	1532	70	1	1
18	364	70	1	1
18	1533	47	1	1
18	681	88	1	0
18	1534	48	1	0
18	576	67	1	0
18	343	104	1	1
18	675	95	1	1
18	357	95	1	1
18	367	75	1	0
18	627	98	1	1
18	626	53	1	0
18	629	92	1	1
18	631	85	1	1
18	1048	66	1	0
18	1535	68	1	0
19	1536	38	1	0
19	1072	34	1	0
19	850	24	1	0
19	1537	46	1	0
19	1538	22	1	1
19	1539	27	1	1
19	1540	41	1	1
19	1541	26	1	0
19	1542	52	1	1
19	1543	52	1	1
19	1544	52	1	1
19	1545	56	1	1
19	343	104	1	1
19	1546	45	1	1
19	612	69	1	1
19	1509	44	1	1
19	1547	40	1	1
19	1548	40	1	1
19	235	33	1	1
19	601	21	1	1
19	675	95	1	1
19	1549	29	1	0
19	1550	59	1	0
19	246	36	1	1
19	364	70	1	1
19	1551	39	1	0
19	1552	62	1	0
19	481	75	1	0
19	909	31	1	1
19	1002	48	1	0
19	1098	68	1	0
19	1553	28	1	1
19	1554	100	1	0
19	1555	65	1	0
19	316	23	1	1
19	1556	63	1	0
19	1557	35	1	1
19	1329	57	1	0
19	1558	50	1	0
19	1559	51	1	0
19	413	98	1	1
19	1055	91	1	1
19	414	53	1	0
19	1560	60	1	1
19	415	92	1	1
19	416	85	1	1
19	1561	32	1	1
19	278	64	1	1
19	1054	58	1	1
19	1043	37	1	0
19	1562	61	1	0
20	1563	99	1	0
20	553	27	1	0
20	1564	38	1	1
20	1062	38	1	1
20	1565	38	1	1
20	126	50	1	1
20	1566	50	1	1
20	1567	50	1	1
20	1568	66	1	1
20	1064	66	1	1
20	1569	74	1	1
20	1044	74	1	1
20	1570	49	1	1
20	1571	49	1	1
20	1572	54	1	1
20	1573	54	1	1
20	1574	54	1	1
20	1575	37	1	1
20	1576	37	1	1
20	1577	37	1	1
20	1578	55	1	1
20	1579	55	1	1
20	1580	55	1	1
20	1581	34	1	0
20	1582	34	1	0
20	1583	48	1	1
20	698	48	1	1
20	1584	32	1	0
20	1585	32	1	0
20	1586	28	1	0
20	1587	61	1	0
20	1588	46	1	1
20	1589	46	1	1
20	325	46	1	1
20	1590	51	1	1
20	1591	51	1	1
20	1592	94	1	1
20	1593	24	1	0
20	245	24	1	0
20	297	73	1	0
20	1594	73	1	0
20	457	26	1	0
20	1595	26	1	0
20	1596	26	1	0
20	1360	26	1	0
20	1597	65	1	0
20	144	65	1	0
20	1091	65	1	0
20	1221	59	1	0
20	1598	59	1	0
20	50	59	1	0
20	613	59	1	0
20	1022	63	1	0
20	737	86	1	0
20	387	60	1	0
20	1599	40	1	0
20	971	72	1	1
20	1600	72	1	1
20	558	81	1	0
20	250	39	1	0
20	87	35	1	0
20	228	69	1	0
20	727	36	1	0
20	1357	41	1	0
20	1122	64	1	0
20	248	70	1	0
20	844	29	1	0
20	1601	62	1	0
20	667	62	1	0
20	1602	84	1	0
20	732	84	1	0
20	1603	90	1	0
20	689	57	1	0
20	1604	56	1	0
20	197	68	1	1
20	1605	88	1	1
20	1606	83	1	1
20	984	82	1	0
20	842	44	1	0
20	367	75	1	0
20	1476	43	1	0
20	205	42	1	0
21	1607	70	1	1
21	1608	70	1	1
21	1609	70	1	1
21	1610	70	1	1
21	1611	41	1	1
21	1612	41	1	1
21	1613	41	1	1
21	1614	41	1	1
21	1615	33	1	1
21	1616	33	1	1
21	1617	33	1	1
21	1618	33	1	1
21	1619	26	1	0
21	1620	26	1	0
21	1373	26	1	0
21	1035	47	1	1
21	1621	32	1	1
21	1082	32	1	1
21	1622	32	1	1
21	1623	56	1	1
21	1624	30	1	0
21	363	36	1	1
21	1625	36	1	1
21	1626	36	1	1
21	1627	62	1	0
21	1601	62	1	0
21	1628	78	1	1
21	1605	88	1	0
21	1629	39	1	0
21	1630	39	1	0
21	62	39	1	0
21	1631	34	1	0
21	1632	40	1	1
21	1633	40	1	1
21	1634	40	1	1
21	1586	28	1	1
21	1635	28	1	1
21	1636	28	1	1
21	284	25	1	0
21	1637	24	1	0
21	1638	24	1	0
21	1022	63	1	0
21	911	63	1	0
21	162	63	1	0
21	1639	58	1	1
21	119	58	1	1
21	1640	44	1	1
21	1641	44	1	1
21	1642	44	1	1
21	24	44	1	1
21	1643	85	1	1
21	631	85	1	1
21	9	104	1	1
21	344	45	1	1
21	612	69	1	1
21	18	69	1	1
21	700	69	1	1
21	1644	95	1	1
21	595	29	1	0
21	1101	59	1	0
21	937	59	1	0
21	717	75	1	0
21	1645	31	1	1
21	1646	38	1	0
21	1647	35	1	1
21	1648	35	1	1
21	282	35	1	1
21	87	35	1	1
21	1119	60	1	1
21	100	64	1	1
21	510	64	1	1
21	1649	103	1	1
21	286	76	1	0
21	1555	65	1	0
21	592	65	1	0
21	1559	51	1	0
21	1650	46	1	0
21	179	86	1	0
21	175	84	1	0
22	792	94	1	0
22	1586	28	1	1
22	254	31	1	1
22	1651	51	1	0
22	798	39	1	0
22	1558	50	1	0
22	633	64	1	1
22	1652	56	1	1
22	1507	27	1	1
22	1653	34	1	0
22	910	24	1	0
22	1650	46	1	0
22	1654	69	1	1
22	272	91	1	1
22	1360	26	1	0
22	769	29	1	0
23	1360	26	1	0
23	1655	59	1	0
23	1555	65	1	0
23	1656	40	1	1
23	1053	84	1	0
23	1358	41	1	1
24	1657	26	1	1
24	1658	26	1	1
24	1659	26	1	1
24	1660	26	1	1
24	1661	39	1	1
24	1662	39	1	1
24	1663	39	1	1
24	1664	39	1	1
24	1665	56	1	0
24	1666	56	1	0
24	64	56	1	0
24	1667	63	1	1
24	1668	63	1	1
24	1669	63	1	1
24	1670	63	1	1
24	1671	35	1	0
24	1672	35	1	0
24	1494	57	1	1
24	253	75	1	1
24	1673	45	1	0
24	1674	45	1	0
24	1507	27	1	0
24	1675	41	1	0
24	1676	41	1	0
24	258	41	1	0
24	1047	38	1	0
24	375	38	1	0
24	300	38	1	0
24	1677	86	1	1
24	1678	86	1	1
24	1679	86	1	1
24	1680	51	1	0
24	1681	29	1	1
24	1682	29	1	1
24	47	29	1	1
24	1217	29	1	1
24	1683	28	1	0
24	1684	28	1	0
24	1636	28	1	0
24	1685	60	1	0
24	84	60	1	0
24	387	60	1	0
24	1686	40	1	0
24	1687	40	1	0
24	999	40	1	0
24	1374	40	1	0
24	832	46	1	0
24	325	46	1	0
24	1688	31	1	0
24	1689	69	1	0
24	1690	69	1	0
24	1025	69	1	0
24	1495	64	1	0
24	1691	64	1	0
24	1692	32	1	0
24	1693	32	1	0
24	514	32	1	0
24	1694	59	1	1
24	1695	59	1	1
24	1221	59	1	1
24	1696	59	1	1
24	1697	80	1	0
24	1698	62	1	1
24	1699	62	1	1
24	1700	25	1	1
24	1701	25	1	1
24	1702	25	1	1
24	1703	25	1	1
24	1704	65	1	1
24	1705	65	1	1
24	593	65	1	1
24	1706	34	1	0
24	1707	83	1	0
24	1708	44	1	0
24	221	44	1	0
24	1709	71	1	0
24	1516	43	1	0
24	1710	84	1	1
24	1711	84	1	1
24	1712	58	1	0
24	722	58	1	0
24	1713	91	1	0
24	1714	72	1	0
24	1265	72	1	0
24	1715	37	1	0
24	140	37	1	0
24	1716	37	1	0
24	1717	36	1	0
24	1104	36	1	0
24	1718	76	1	1
24	1499	30	1	1
24	1719	77	1	0
24	343	104	1	0
24	235	33	1	0
24	675	95	1	0
24	1026	70	1	0
24	1610	70	1	0
24	1002	48	1	0
24	789	48	1	0
24	576	67	1	1
24	391	66	1	0
24	393	73	1	0
24	394	55	1	0
24	1720	78	1	0
24	1044	74	1	0
24	200	103	1	0
24	416	85	1	0
24	862	88	1	0
24	1293	50	1	0
24	1346	50	1	0
24	1721	47	1	0
25	1722	26	1	1
25	1723	26	1	1
25	1372	26	1	1
25	1724	26	1	1
25	823	59	1	1
25	1725	59	1	1
25	936	59	1	1
25	249	39	1	1
25	1726	39	1	1
25	1727	39	1	1
25	1728	29	1	1
25	844	29	1	1
25	596	29	1	1
25	853	57	1	1
25	688	57	1	1
25	1729	41	1	0
25	1357	41	1	0
25	1428	83	1	0
25	1730	44	1	0
25	1731	40	1	0
25	233	40	1	0
25	825	34	1	0
25	1429	63	1	1
25	1732	63	1	1
25	1431	71	1	0
25	1315	43	1	0
25	951	62	1	1
25	1447	62	1	1
25	267	84	1	1
25	1518	58	1	0
25	1733	32	1	0
25	605	51	1	0
25	403	91	1	0
25	1734	65	1	1
25	593	65	1	1
25	1356	65	1	1
25	1735	28	1	0
25	1433	72	1	0
25	1434	86	1	1
25	179	86	1	1
25	278	64	1	0
25	408	37	1	0
25	1736	37	1	0
25	1737	35	1	0
25	363	36	1	0
25	1738	36	1	0
25	1435	76	1	1
25	1436	80	1	0
25	1739	45	1	0
25	669	45	1	0
25	888	30	1	1
25	1437	77	1	0
25	857	69	1	0
25	1650	46	1	0
25	1120	60	1	0
25	674	38	1	0
25	1740	70	1	0
25	905	33	1	0
25	1721	47	1	0
25	1741	56	1	0
25	1742	78	1	0
25	301	88	1	0
26	1743	32	1	0
26	1744	32	1	0
26	514	32	1	0
26	1745	45	1	0
26	1746	45	1	0
26	1747	45	1	0
26	1748	34	1	0
26	1749	34	1	0
26	1750	35	1	0
26	1751	35	1	0
26	1752	35	1	0
26	1753	41	1	0
26	1754	41	1	0
26	1755	41	1	0
26	1756	40	1	0
26	1757	40	1	0
26	1758	40	1	0
26	1759	65	1	1
26	1760	65	1	1
26	1761	65	1	1
26	1762	65	1	1
26	1763	29	1	1
26	1764	29	1	1
26	1765	29	1	1
26	1766	29	1	1
26	1767	33	1	0
26	1768	33	1	0
26	1769	51	1	0
26	1770	51	1	0
26	1771	78	1	0
26	1772	28	1	0
26	1773	28	1	0
26	90	28	1	0
26	1774	60	1	0
26	1775	60	1	0
26	1776	60	1	0
26	1777	46	1	0
26	1778	46	1	0
26	1779	46	1	0
26	1780	69	1	0
26	1781	69	1	0
26	1025	69	1	0
26	1782	59	1	1
26	1783	59	1	1
26	1784	59	1	1
26	1785	59	1	1
26	1786	76	1	1
26	1787	76	1	1
26	1788	76	1	1
26	1789	76	1	1
26	1790	62	1	1
26	1791	62	1	1
26	1792	62	1	1
26	1793	62	1	1
26	1794	39	1	1
26	1795	39	1	1
26	1796	39	1	1
26	1797	39	1	1
26	1798	70	1	0
26	1799	70	1	0
26	58	70	1	0
26	1800	47	1	0
26	1801	56	1	0
26	335	56	1	0
26	1802	30	1	1
26	1803	30	1	1
26	1804	30	1	1
26	1805	30	1	1
26	1806	36	1	0
26	1807	36	1	0
26	468	36	1	0
26	1808	88	1	0
26	1809	38	1	0
26	1810	38	1	0
26	1811	38	1	0
26	1812	95	1	0
26	1813	95	1	0
26	357	95	1	0
26	1814	44	1	0
26	1815	44	1	0
26	1816	31	1	0
26	1817	57	1	1
26	1818	57	1	1
26	1819	57	1	1
26	1820	57	1	1
26	1821	53	1	1
26	1822	53	1	1
26	1823	53	1	1
26	968	53	1	1
26	1824	63	1	1
26	1825	63	1	1
26	1826	63	1	1
26	1827	63	1	1
26	1828	37	1	0
26	784	37	1	0
26	1829	37	1	0
26	1830	72	1	0
26	1831	72	1	0
26	1832	72	1	0
26	1833	84	1	1
26	1834	84	1	1
26	174	84	1	1
26	1835	84	1	1
26	1836	43	1	0
26	1837	43	1	0
26	401	43	1	0
26	1838	86	1	1
26	1839	86	1	1
26	1840	86	1	1
26	1841	86	1	1
26	1045	74	1	0
26	1044	74	1	0
26	1562	61	1	0
26	392	48	1	0
26	698	48	1	0
26	1842	50	1	0
26	1439	50	1	0
26	309	94	1	0
26	1843	81	1	1
26	1844	81	1	1
26	1845	81	1	1
26	1846	64	1	0
26	1847	64	1	0
26	708	64	1	0
26	1848	80	1	0
26	516	80	1	0
26	1849	83	1	0
26	170	83	1	0
26	1850	71	1	0
26	1851	58	1	0
26	1364	58	1	0
26	1852	58	1	0
26	1853	91	1	0
26	1854	77	1	0
26	1855	75	1	1
26	1856	75	1	1
26	1857	75	1	1
26	1858	75	1	1
26	1859	54	1	0
26	1860	54	1	0
26	1861	54	1	0
26	1862	104	1	0
26	967	67	1	1
26	1863	67	1	1
26	1388	98	1	0
26	1393	92	1	0
26	1864	85	1	0
26	978	85	1	0
26	1383	85	1	0
26	980	103	1	0
26	1649	103	1	0
26	1865	55	1	0
26	1866	55	1	0
26	567	55	1	0
26	1507	27	1	0
26	165	27	1	0
26	1048	66	1	0
26	311	82	1	0
27	300	38	1	0
27	674	38	1	0
27	140	37	1	0
27	540	37	1	0
27	698	48	1	0
27	1534	48	1	0
27	1867	56	1	1
27	1868	56	1	1
27	270	32	1	1
27	129	51	1	0
27	1869	46	1	0
27	1870	46	1	0
27	253	75	1	0
27	152	99	1	0
27	633	64	1	1
27	1048	66	1	0
27	1871	28	1	1
27	522	34	1	0
27	786	34	1	0
27	1872	34	1	0
27	202	61	1	0
27	911	63	1	0
27	588	35	1	1
27	275	57	1	0
27	912	45	1	1
27	1358	41	1	1
27	1497	78	1	1
28	1873	40	1	1
28	1874	40	1	1
28	999	40	1	1
28	1374	40	1	1
28	356	95	1	1
28	1875	56	1	1
28	1876	96	1	0
28	1877	58	1	1
28	849	58	1	1
28	1878	29	1	0
28	1879	29	1	0
28	596	29	1	0
28	1880	32	1	1
28	1881	32	1	1
28	1882	32	1	1
28	1693	32	1	1
28	1883	66	1	0
28	1884	38	1	0
28	1810	38	1	0
28	1811	38	1	0
28	303	74	1	0
28	1044	74	1	0
28	891	49	1	0
28	893	54	1	0
28	1885	37	1	0
28	140	37	1	0
28	1886	37	1	0
28	896	55	1	0
28	1706	34	1	0
28	1887	34	1	0
28	1888	34	1	0
28	306	50	1	0
28	1889	48	1	0
28	900	61	1	0
28	1087	46	1	0
28	325	46	1	0
28	1890	51	1	0
28	1296	94	1	0
28	499	63	1	0
28	1891	63	1	0
28	1255	63	1	0
28	903	99	1	0
28	367	75	1	0
28	1892	86	1	0
28	1057	86	1	0
28	1893	39	1	0
28	1894	39	1	0
28	1895	41	1	1
28	257	41	1	1
28	1896	60	1	1
28	505	60	1	1
28	1897	60	1	1
28	1898	31	1	1
28	1899	69	1	1
28	700	69	1	1
28	1495	64	1	1
28	966	64	1	1
28	1900	35	1	1
28	1901	59	1	0
28	1467	59	1	0
28	936	59	1	0
28	1902	80	1	1
28	1903	62	1	0
28	1447	62	1	0
28	1904	45	1	1
28	1905	44	1	1
28	348	44	1	1
28	681	88	1	0
28	1530	33	1	1
28	1031	33	1	1
28	1707	83	1	0
28	1906	71	1	0
28	1516	43	1	0
28	1710	84	1	0
28	1907	91	1	1
28	1908	65	1	0
28	1714	72	1	0
28	177	72	1	0
28	1909	57	1	0
28	1910	36	1	1
28	1911	76	1	0
28	1499	30	1	0
28	1719	77	1	0
28	627	98	1	1
28	626	53	1	0
28	629	92	1	1
28	1026	70	1	1
28	631	85	1	1
28	1720	78	1	1
28	1912	47	1	1
29	999	40	1	0
29	1913	40	1	0
29	1914	40	1	0
29	234	40	1	0
29	1915	83	1	0
29	1916	83	1	0
29	1917	83	1	0
29	1641	44	1	0
29	221	44	1	0
29	1918	41	1	0
29	1919	41	1	0
29	1920	34	1	0
29	1582	34	1	0
29	1921	63	1	1
29	1922	63	1	1
29	162	63	1	1
29	1923	59	1	1
29	1924	59	1	1
29	685	59	1	1
29	1925	71	1	0
29	1926	43	1	0
29	1927	43	1	0
29	1552	62	1	1
29	1699	62	1	1
29	480	62	1	1
29	1928	84	1	1
29	1602	84	1	1
29	1929	58	1	0
29	1471	32	1	0
29	1930	32	1	0
29	1680	51	1	0
29	1931	91	1	0
29	1932	65	1	1
29	1933	65	1	1
29	1597	65	1	1
29	593	65	1	1
29	1046	72	1	0
29	1600	72	1	0
29	1934	57	1	1
29	691	57	1	1
29	1935	86	1	1
29	1936	86	1	1
29	1937	64	1	0
29	1938	64	1	0
29	1939	37	1	0
29	702	37	1	0
29	1940	37	1	0
29	1941	35	1	0
29	87	35	1	0
29	1942	39	1	1
29	1663	39	1	1
29	1943	39	1	1
29	1944	39	1	1
29	1945	36	1	0
29	1946	36	1	0
29	1947	76	1	1
29	181	76	1	1
29	1948	80	1	0
29	1904	45	1	0
29	669	45	1	0
29	1949	30	1	1
29	1950	77	1	0
29	699	69	1	0
29	1951	69	1	0
29	1952	46	1	0
29	1953	46	1	0
29	324	46	1	0
29	1954	56	1	0
29	1741	56	1	0
29	1955	60	1	0
29	1956	60	1	0
29	1047	38	1	0
29	1810	38	1	0
29	1811	38	1	0
29	254	31	1	0
29	1957	104	1	0
29	343	104	1	0
29	357	95	1	0
29	675	95	1	0
29	483	75	1	1
29	367	75	1	1
29	1289	66	1	0
29	1341	66	1	0
29	1030	33	1	0
29	630	70	1	0
29	248	70	1	0
29	301	88	1	0
29	980	103	1	0
29	1649	103	1	0
29	979	103	1	0
29	1383	85	1	0
29	978	85	1	0
29	631	85	1	0
29	692	53	1	1
29	383	78	1	0
29	1958	74	1	0
29	570	48	1	0
29	1959	50	1	0
29	1346	50	1	0
29	947	55	1	0
29	567	55	1	0
30	1740	70	1	0
30	1960	41	1	0
30	905	33	1	0
30	1721	47	1	0
30	1621	32	1	0
30	1741	56	1	0
30	1961	36	1	0
30	1323	62	1	1
30	1742	78	1	0
30	301	88	1	0
30	1962	39	1	1
30	1631	34	1	0
30	843	40	1	0
30	1963	38	1	0
30	260	83	1	0
30	842	44	1	0
30	262	63	1	1
30	783	59	1	1
30	264	71	1	0
30	845	43	1	0
30	402	84	1	1
30	848	58	1	0
30	1351	51	1	0
30	272	91	1	0
30	591	65	1	1
30	274	72	1	0
30	275	57	1	1
30	277	86	1	1
30	633	64	1	0
30	1964	37	1	0
30	1647	35	1	0
30	286	76	1	1
30	181	76	1	1
30	287	80	1	0
30	1965	45	1	0
30	289	77	1	0
30	1121	69	1	0
30	1870	46	1	0
31	913	58	1	1
31	676	44	1	1
31	221	44	1	1
31	237	95	1	1
31	357	95	1	1
31	1966	41	1	1
31	333	41	1	1
31	1463	35	1	1
31	1672	35	1	1
31	1117	35	1	1
31	1536	38	1	0
31	1967	86	1	0
31	1968	63	1	0
31	1651	51	1	0
31	1969	39	1	0
31	1970	56	1	1
31	868	60	1	1
31	1971	40	1	1
31	1111	40	1	1
31	1870	46	1	0
31	1121	69	1	1
31	228	69	1	1
31	633	64	1	1
31	966	64	1	1
31	1972	64	1	1
31	794	32	1	1
31	1973	32	1	1
31	98	32	1	1
31	1974	32	1	1
31	783	59	1	0
31	287	80	1	1
31	1975	62	1	0
31	1427	103	1	1
31	978	85	1	1
31	1383	85	1	1
31	1470	33	1	1
31	867	33	1	1
31	1976	33	1	1
31	343	104	1	1
31	1115	45	1	1
31	669	45	1	1
31	632	36	1	1
31	727	36	1	1
31	630	70	1	1
31	367	75	1	0
31	1433	72	1	0
31	1977	53	1	0
31	301	88	1	0
32	1978	45	1	1
32	226	45	1	1
32	1493	34	1	0
32	1979	34	1	0
32	1980	34	1	0
32	1981	35	1	1
32	1982	35	1	1
32	1983	41	1	1
32	1984	41	1	1
32	1985	41	1	1
32	258	41	1	1
32	1986	40	1	1
32	1987	40	1	1
32	1988	40	1	1
32	1989	40	1	1
32	1932	65	1	0
32	593	65	1	0
32	1990	65	1	0
32	1617	33	1	1
32	1031	33	1	1
32	1470	33	1	1
32	1976	33	1	1
32	1991	51	1	0
32	129	51	1	0
32	1992	78	1	1
32	1993	60	1	1
32	1994	60	1	1
32	1995	46	1	0
32	1996	46	1	0
32	1997	46	1	0
32	699	69	1	1
32	1998	69	1	1
32	1999	69	1	1
32	2000	69	1	1
32	1466	59	1	0
32	2001	59	1	0
32	2002	59	1	0
32	467	36	1	1
32	1717	36	1	1
32	2003	36	1	1
32	2004	36	1	1
32	2005	37	1	0
32	2006	37	1	0
32	2007	37	1	0
32	1002	48	1	0
32	698	48	1	0
32	1494	57	1	0
32	2008	44	1	1
32	2009	44	1	1
32	1010	44	1	1
32	2010	39	1	0
32	2011	39	1	0
32	2012	56	1	1
32	2013	56	1	1
32	636	56	1	1
32	1410	64	1	1
32	2014	64	1	1
32	708	64	1	1
32	1972	64	1	1
32	576	67	1	0
32	2015	66	1	0
32	2016	38	1	0
32	2017	38	1	0
32	300	38	1	0
32	303	74	1	0
32	2018	74	1	0
32	304	49	1	0
32	893	54	1	0
32	896	55	1	0
32	306	50	1	0
32	307	61	1	0
32	309	94	1	0
32	2019	63	1	0
32	2020	63	1	0
32	162	63	1	0
32	310	101	1	0
32	311	82	1	0
32	312	97	1	0
32	2021	83	1	0
32	2022	83	1	0
32	862	88	1	0
32	247	70	1	1
32	2023	70	1	1
32	1532	70	1	1
32	58	70	1	1
32	1721	47	1	1
32	2024	62	1	0
32	1447	62	1	0
32	2025	72	1	0
32	2026	72	1	0
32	1709	71	1	0
32	693	43	1	0
32	2027	84	1	0
32	175	84	1	0
32	2028	58	1	1
32	624	58	1	1
32	1931	91	1	1
32	2029	86	1	0
32	2030	86	1	0
32	2031	76	1	0
32	2032	80	1	1
32	2033	77	1	0
32	2034	95	1	1
32	675	95	1	1
32	188	79	1	0
32	2035	103	1	1
32	1051	85	1	1
32	416	85	1	1
32	413	98	1	1
32	414	53	1	0
32	415	92	1	1
33	2023	70	1	1
33	2036	70	1	1
33	58	70	1	1
33	1985	41	1	1
33	1303	41	1	1
33	810	41	1	1
33	811	41	1	1
33	1721	47	1	1
33	1652	56	1	1
33	2037	36	1	1
33	1738	36	1	1
33	2038	62	1	0
33	2039	62	1	0
33	667	62	1	0
33	1036	78	1	1
33	681	88	1	0
33	2040	39	1	0
33	250	39	1	0
33	1653	34	1	0
33	2041	40	1	1
33	1599	40	1	1
33	224	104	1	1
33	2042	45	1	1
33	227	69	1	1
33	2043	44	1	1
33	348	44	1	1
33	237	95	1	1
33	783	59	1	0
33	2044	59	1	0
33	253	75	1	0
33	802	63	1	0
33	624	58	1	1
33	791	46	1	0
33	1650	46	1	0
33	413	98	1	1
33	1055	91	1	1
33	414	53	1	0
33	610	60	1	1
33	415	92	1	1
33	1647	35	1	1
33	416	85	1	1
33	291	85	1	1
33	1330	64	1	1
33	1963	38	1	0
33	2045	49	1	0
33	1571	49	1	0
33	1555	65	1	0
33	1559	51	1	0
34	2046	101	1	1
34	2047	101	1	1
34	2048	101	1	1
34	2049	101	1	1
34	2050	82	1	1
34	186	82	1	1
34	2051	82	1	1
34	2052	82	1	1
34	2053	38	1	0
34	674	38	1	0
34	300	38	1	0
34	2054	49	1	0
34	2055	49	1	0
34	1571	49	1	0
34	2056	97	1	1
34	2057	97	1	1
34	2058	97	1	1
34	2059	73	1	1
34	2060	73	1	1
34	2061	73	1	1
34	2062	73	1	1
34	2063	43	1	1
34	2064	43	1	1
34	2065	43	1	1
34	2066	43	1	1
34	2067	42	1	1
34	2068	42	1	1
34	2069	42	1	1
34	2070	42	1	1
34	2071	100	1	1
34	2072	100	1	1
34	2073	100	1	1
34	2074	46	1	0
34	2075	46	1	0
34	151	46	1	0
34	997	40	1	0
34	999	40	1	0
34	2076	40	1	0
34	2077	40	1	0
34	2078	65	1	0
34	2079	48	1	0
34	789	48	1	0
34	2080	59	1	0
34	372	51	1	0
34	129	51	1	0
34	689	57	1	0
34	2081	41	1	0
34	2082	41	1	0
34	953	44	1	0
34	2083	39	1	0
34	2084	56	1	0
34	1477	56	1	0
34	965	64	1	0
34	706	64	1	0
34	576	67	1	0
34	2085	36	1	0
34	803	36	1	0
34	747	74	1	0
34	2086	74	1	0
34	1883	66	1	0
34	2087	66	1	0
34	305	54	1	0
34	2088	37	1	0
34	140	37	1	0
34	1070	37	1	0
34	896	55	1	0
34	1842	50	1	0
34	201	61	1	1
34	2089	61	1	1
34	2090	61	1	1
34	1296	94	1	0
34	704	83	1	0
34	520	83	1	0
34	2091	63	1	0
34	802	63	1	0
34	729	71	1	1
34	2092	62	1	0
34	2093	84	1	0
34	723	58	1	0
34	733	91	1	0
34	734	72	1	0
34	2094	86	1	0
34	2095	35	1	0
34	739	76	1	0
34	2096	80	1	0
34	2097	45	1	0
34	741	77	1	1
34	983	69	1	0
34	1897	60	1	0
34	868	60	1	0
34	2098	93	1	1
34	2099	93	1	1
34	2100	79	1	1
34	2101	79	1	1
34	2102	87	1	1
34	2103	87	1	1
34	2104	87	1	1
34	2105	87	1	1
34	1535	68	1	0
34	1628	78	1	0
34	1740	70	1	0
34	1721	47	1	0
34	301	88	1	0
35	418	47	1	1
35	2106	45	1	1
35	2107	41	1	1
35	1357	41	1	1
35	2108	40	1	1
35	1548	40	1	1
35	2109	65	1	0
35	1990	65	1	0
35	372	51	1	0
35	383	78	1	1
35	386	60	1	1
35	323	46	1	0
35	2110	69	1	1
35	228	69	1	1
35	2111	59	1	0
35	2112	59	1	0
35	936	59	1	0
35	2113	39	1	0
35	2114	39	1	0
35	62	39	1	0
35	1627	62	1	0
35	1447	62	1	0
35	627	98	1	1
35	2115	91	1	1
35	626	53	1	0
35	1708	44	1	1
35	629	92	1	1
35	630	70	1	1
35	248	70	1	1
35	416	85	1	1
35	2116	36	1	1
35	727	36	1	1
35	2117	64	1	1
35	966	64	1	1
35	1047	38	1	0
35	2118	63	1	0
35	1103	63	1	0
35	2119	57	1	0
35	1426	75	1	0
35	356	95	1	1
35	681	88	1	0
35	188	79	1	0
35	1438	48	1	0
35	1649	103	1	1
35	2120	76	1	0
35	2121	86	1	0
35	1057	86	1	0
35	2122	56	1	1
35	2123	80	1	1
35	2124	83	1	0
35	2125	71	1	0
35	1050	43	1	0
35	2126	84	1	0
35	175	84	1	0
35	2127	58	1	1
35	2128	72	1	0
35	177	72	1	0
35	1481	37	1	0
35	2129	77	1	0
36	247	70	1	1
36	2130	70	1	1
36	59	70	1	1
36	2023	70	1	1
36	2131	41	1	1
36	2132	41	1	1
36	810	41	1	1
36	1985	41	1	1
36	1721	47	1	1
36	1652	56	1	1
36	2133	62	1	0
36	1447	62	1	0
36	1742	78	1	1
36	301	88	1	0
36	2083	39	1	0
36	250	39	1	0
36	2134	40	1	1
36	2135	40	1	1
36	1634	40	1	1
36	397	64	1	1
36	708	64	1	1
36	2136	64	1	1
36	1972	64	1	1
36	343	104	1	1
36	2097	45	1	1
36	669	45	1	1
36	857	69	1	1
36	700	69	1	1
36	1025	69	1	1
36	2137	69	1	1
36	1509	44	1	1
36	1367	44	1	1
36	2138	44	1	1
36	675	95	1	1
36	357	95	1	1
36	823	59	1	0
36	2139	59	1	0
36	936	59	1	0
36	367	75	1	0
36	1051	85	1	1
36	1383	85	1	1
36	416	85	1	1
36	924	38	1	0
36	816	38	1	0
36	634	38	1	0
36	838	83	1	0
36	2140	63	1	0
36	2141	63	1	0
36	1052	71	1	0
36	266	43	1	0
36	1053	84	1	0
36	175	84	1	0
36	1054	58	1	1
36	605	51	1	0
36	403	91	1	1
36	2142	65	1	0
36	1990	65	1	0
36	1328	72	1	0
36	177	72	1	0
36	404	57	1	0
36	1056	86	1	0
36	1057	86	1	0
36	2143	37	1	0
36	540	37	1	0
36	1435	76	1	0
36	410	80	1	1
36	1059	77	1	0
36	2144	46	1	0
36	2145	46	1	0
36	979	103	1	1
36	1649	103	1	1
36	698	48	1	0
36	1438	48	1	0
36	1959	50	1	0
36	868	60	1	1
36	627	98	1	1
36	626	53	1	0
36	629	92	1	1
36	576	67	1	0
37	2146	66	1	1
37	2147	38	1	1
37	816	38	1	1
37	2017	38	1	1
37	2148	38	1	1
37	2149	74	1	1
37	1290	74	1	1
37	747	74	1	1
37	2150	74	1	1
37	2151	49	1	1
37	2152	54	1	1
37	2153	54	1	1
37	1860	54	1	1
37	2154	55	1	1
37	753	55	1	1
37	1566	50	1	1
37	2155	50	1	1
37	2156	48	1	1
37	2157	48	1	1
37	2158	48	1	1
37	2159	61	1	0
37	1588	46	1	1
37	2160	46	1	1
37	151	46	1	1
37	2161	51	1	1
37	2162	51	1	1
37	2163	51	1	1
37	940	94	1	1
37	2164	64	1	0
37	633	64	1	0
37	708	64	1	0
37	2165	40	1	0
37	2135	40	1	0
37	2166	40	1	0
37	2167	60	1	0
37	84	60	1	0
37	858	90	1	0
37	853	57	1	0
37	1868	56	1	0
37	2168	56	1	0
37	636	56	1	0
37	861	68	1	1
37	2169	65	1	0
37	2170	65	1	0
37	862	88	1	1
37	838	83	1	1
37	2171	83	1	1
37	1917	83	1	1
37	242	59	1	0
37	2172	59	1	0
37	2173	59	1	0
37	1919	41	1	0
37	810	41	1	0
37	2174	41	1	0
37	715	63	1	0
37	2175	63	1	0
37	262	63	1	0
37	1014	39	1	0
37	1726	39	1	0
37	620	39	1	0
37	2025	72	1	1
37	2176	72	1	1
37	274	72	1	1
37	2177	45	1	0
37	1965	45	1	0
37	228	69	1	0
37	857	69	1	0
37	2030	86	1	0
37	277	86	1	0
37	2039	62	1	0
37	846	62	1	0
37	175	84	1	0
37	402	84	1	0
37	1516	43	1	0
37	393	73	1	0
37	205	42	1	0
37	842	44	1	0
37	264	71	1	0
37	848	58	1	0
37	272	91	1	0
37	286	76	1	0
37	287	80	1	0
37	289	77	1	0
38	2178	66	1	1
38	2179	66	1	1
38	2180	66	1	1
38	2181	74	1	1
38	1958	74	1	1
38	2150	74	1	1
38	2182	49	1	1
38	2183	49	1	1
38	2184	54	1	1
38	2185	54	1	1
38	1574	54	1	1
38	1859	54	1	1
38	2186	55	1	1
38	750	55	1	1
38	2187	55	1	1
38	2188	50	1	1
38	2189	50	1	1
38	2190	50	1	1
38	2191	50	1	1
38	2192	48	1	1
38	2193	48	1	1
38	2194	48	1	1
38	2195	48	1	1
38	2196	61	1	0
38	202	61	1	0
38	2197	46	1	1
38	151	46	1	1
38	325	46	1	1
38	2198	51	1	1
38	2199	51	1	1
38	2200	51	1	1
38	2201	51	1	1
38	2202	94	1	1
38	2203	94	1	1
38	162	63	1	0
38	1430	63	1	0
38	400	63	1	0
38	592	65	1	0
38	2142	65	1	0
38	1597	65	1	0
38	2204	41	1	0
38	256	41	1	0
38	258	41	1	0
38	2205	85	1	0
38	631	85	1	0
38	2206	40	1	0
38	1731	40	1	0
38	1633	40	1	0
38	310	101	1	0
38	311	82	1	0
38	312	97	1	0
38	2057	97	1	0
38	2058	97	1	0
38	407	86	1	0
38	2083	39	1	0
38	1452	39	1	0
38	1417	56	1	0
38	65	56	1	0
38	64	56	1	0
38	386	60	1	0
38	227	69	1	0
38	2136	64	1	0
38	1122	64	1	0
38	2207	59	1	0
38	2208	59	1	0
38	1436	80	1	0
38	1698	62	1	0
38	1011	44	1	0
38	221	44	1	0
38	2209	44	1	0
38	357	95	1	0
38	675	95	1	0
38	2210	90	1	0
38	1494	57	1	0
38	2211	68	1	1
38	2212	68	1	1
38	780	68	1	1
38	781	68	1	1
38	1464	88	1	1
38	2213	88	1	1
38	1428	83	1	1
38	2214	83	1	1
38	1328	72	1	1
38	1600	72	1	1
38	2215	72	1	1
38	903	99	1	0
38	367	75	1	0
38	584	45	1	0
38	1746	45	1	0
38	845	43	1	0
38	627	98	1	0
38	272	91	1	0
38	626	53	1	0
38	629	92	1	0
38	630	70	1	0
39	1434	86	1	1
39	2030	86	1	1
39	1429	63	1	1
39	715	63	1	1
39	2175	63	1	1
39	902	51	1	0
39	2084	56	1	0
39	1418	56	1	0
39	2216	41	1	0
39	811	41	1	0
39	682	60	1	0
39	387	60	1	0
39	2217	40	1	0
39	2218	40	1	0
39	1633	40	1	0
39	2219	46	1	0
39	1869	46	1	0
39	346	69	1	0
39	1408	69	1	0
39	1025	69	1	0
39	885	64	1	0
39	966	64	1	0
39	2207	59	1	1
39	2220	59	1	1
39	1468	59	1	1
39	2096	80	1	0
39	2221	62	1	1
39	2222	62	1	1
39	480	62	1	1
39	1957	104	1	0
39	224	104	1	0
39	2223	44	1	0
39	2224	44	1	0
39	357	95	1	0
39	1644	95	1	0
39	621	75	1	1
39	253	75	1	1
39	2225	45	1	0
39	1746	45	1	0
39	669	45	1	0
39	1605	88	1	0
39	1364	58	1	0
39	2226	58	1	0
39	1054	58	1	0
39	1602	84	1	1
39	1053	84	1	1
39	2227	76	1	1
39	1058	76	1	1
39	2228	76	1	1
39	2229	53	1	1
39	2230	53	1	1
39	414	53	1	1
39	1558	50	1	0
39	2231	65	1	1
39	2142	65	1	1
39	980	103	1	0
39	1383	85	1	0
39	291	85	1	0
39	416	85	1	0
39	1600	72	1	0
39	1328	72	1	0
39	248	70	1	0
39	2232	70	1	0
39	691	57	1	1
39	853	57	1	1
39	1438	48	1	0
39	576	67	1	1
39	1533	47	1	0
39	318	78	1	0
39	1044	74	1	0
39	838	83	1	0
39	1052	71	1	0
39	266	43	1	0
39	733	91	1	0
39	1059	77	1	0
39	413	98	1	0
39	415	92	1	0
39	194	55	1	0
39	196	54	1	0
40	2233	65	1	0
40	1090	65	1	0
40	1534	48	1	0
40	2234	59	1	0
40	1924	59	1	0
40	1468	59	1	0
40	1479	51	1	0
40	1934	57	1	0
40	2235	41	1	1
40	2236	41	1	1
40	2237	41	1	1
40	2238	41	1	1
40	2239	44	1	1
40	2240	44	1	1
40	2241	44	1	1
40	1642	44	1	1
40	1666	56	1	1
40	474	56	1	1
40	2242	56	1	1
40	636	56	1	1
40	2243	64	1	1
40	2244	64	1	1
40	708	64	1	1
40	417	67	1	0
40	2245	62	1	0
40	1447	62	1	0
40	1401	45	1	1
40	2246	45	1	1
40	429	45	1	1
40	451	95	1	1
40	2247	95	1	1
40	2248	95	1	1
40	1459	95	1	1
40	2249	88	1	0
40	1392	60	1	1
40	2250	60	1	1
40	2251	60	1	1
40	1246	60	1	1
40	2252	85	1	1
40	2253	85	1	1
40	2254	85	1	1
40	2255	103	1	1
40	1649	103	1	1
40	2256	69	1	1
40	2257	69	1	1
40	2258	69	1	1
40	2259	83	1	0
40	2260	83	1	0
40	705	83	1	0
40	2261	63	1	0
40	2262	63	1	0
40	2263	71	1	0
40	2264	43	1	0
40	2265	84	1	0
40	175	84	1	0
40	2266	58	1	1
40	624	58	1	1
40	2267	91	1	1
40	2268	72	1	0
40	735	72	1	0
40	2269	86	1	0
40	497	86	1	0
40	2270	76	1	0
40	1948	80	1	1
40	2271	77	1	0
40	2272	46	1	0
40	2074	46	1	0
40	324	46	1	0
40	1876	96	1	0
40	2273	98	1	1
40	2274	53	1	0
40	2275	92	1	1
40	2276	70	1	1
40	1532	70	1	1
40	9	104	1	1
40	1957	104	1	1
40	717	75	1	0
40	2277	74	1	0
40	383	78	1	1
40	1533	47	1	1
41	1607	70	1	1
41	1608	70	1	1
41	2278	70	1	1
41	2279	70	1	1
41	1035	47	1	1
41	1604	56	1	1
41	2280	56	1	1
41	2281	62	1	0
41	2039	62	1	0
41	1720	78	1	1
41	2282	88	1	0
41	1978	45	1	1
41	2283	45	1	1
41	2284	45	1	1
41	1644	95	1	1
41	2285	95	1	1
41	1813	95	1	1
41	2286	44	1	1
41	2287	44	1	1
41	2288	44	1	1
41	2289	44	1	1
41	2290	60	1	1
41	2291	60	1	1
41	2292	59	1	0
41	2220	59	1	0
41	50	59	1	0
41	2293	85	1	1
41	2253	85	1	1
41	2294	85	1	1
41	2255	103	1	1
41	1649	103	1	1
41	2295	69	1	1
41	2296	69	1	1
41	2137	69	1	1
41	1025	69	1	1
41	1502	83	1	0
41	399	83	1	0
41	2297	63	1	0
41	161	63	1	0
41	1431	71	1	0
41	1315	43	1	0
41	2126	84	1	0
41	1602	84	1	0
41	723	58	1	1
41	624	58	1	1
41	1089	51	1	0
41	2298	51	1	0
41	1498	91	1	1
41	2299	65	1	0
41	593	65	1	0
41	1492	65	1	0
41	1433	72	1	0
41	177	72	1	0
41	2300	57	1	0
41	2301	86	1	0
41	497	86	1	0
41	1410	64	1	1
41	1691	64	1	1
41	1972	64	1	1
41	708	64	1	1
41	739	76	1	0
41	2302	80	1	1
41	1437	77	1	0
41	2303	46	1	0
41	1337	46	1	0
41	1589	46	1	0
41	413	98	1	1
41	414	53	1	0
41	415	92	1	1
41	1957	104	1	1
41	343	104	1	1
41	571	48	1	0
41	698	48	1	0
41	967	67	1	0
41	203	61	1	0
41	1346	50	1	0
41	831	50	1	0
41	253	75	1	0
42	2104	87	1	1
42	2304	87	1	1
42	2305	43	1	1
42	1476	43	1	1
42	2306	43	1	1
42	173	43	1	1
42	1354	73	1	1
42	2307	73	1	1
42	393	73	1	1
42	2308	101	1	1
42	2309	82	1	1
42	2310	100	1	1
42	1023	46	1	0
43	2311	73	1	1
43	1354	73	1	1
43	2307	73	1	1
43	773	56	1	0
43	2219	46	1	0
43	1023	46	1	0
43	1351	51	1	0
43	1438	48	1	0
43	1121	69	1	0
43	260	83	1	0
43	842	44	1	0
43	262	63	1	0
43	2312	59	1	0
43	264	71	1	1
43	846	62	1	0
43	402	84	1	0
43	848	58	1	0
43	272	91	1	0
43	591	65	1	0
43	274	72	1	0
43	275	57	1	0
43	277	86	1	0
43	633	64	1	0
43	286	76	1	0
43	287	80	1	0
43	1965	45	1	0
43	289	77	1	1
43	2104	87	1	1
43	204	87	1	1
43	2313	87	1	1
43	2308	101	1	1
43	2309	82	1	1
43	2310	100	1	1
44	260	83	1	0
44	2314	63	1	0
44	2315	59	1	0
44	937	59	1	0
44	264	71	1	0
44	2316	62	1	0
44	1447	62	1	0
44	402	84	1	0
44	370	58	1	1
44	624	58	1	1
44	1351	51	1	0
44	1498	91	1	1
44	2169	65	1	0
44	274	72	1	0
44	1329	57	1	0
44	277	86	1	0
44	2117	64	1	1
44	2317	64	1	1
44	100	64	1	1
44	1058	76	1	0
44	287	80	1	1
44	2318	45	1	1
44	1746	45	1	1
44	2283	45	1	1
44	289	77	1	0
44	2319	69	1	1
44	2295	69	1	1
44	18	69	1	1
44	1870	46	1	0
44	2320	85	1	1
44	2321	85	1	1
44	2322	85	1	1
44	2285	95	1	1
44	1644	95	1	1
44	2323	95	1	1
44	2324	95	1	1
44	387	60	1	1
44	682	60	1	1
44	421	104	1	1
44	2325	104	1	1
44	2326	70	1	1
44	2327	70	1	1
44	2328	70	1	1
44	2329	70	1	1
44	1652	56	1	1
44	2330	75	1	0
44	1649	103	1	1
44	2331	103	1	1
44	980	103	1	1
44	2332	98	1	1
44	1977	53	1	0
44	2333	92	1	1
44	681	88	1	0
44	1438	48	1	0
44	576	67	1	0
44	1048	66	1	0
45	224	104	1	1
45	2319	69	1	1
45	228	69	1	1
45	1644	95	1	1
45	2334	95	1	1
45	2335	59	1	0
45	936	59	1	0
45	243	59	1	0
45	2336	70	1	1
45	1532	70	1	1
45	1970	56	1	1
45	2337	62	1	0
45	717	75	1	0
45	862	88	1	0
45	2338	60	1	1
45	387	60	1	1
45	2205	85	1	1
45	2339	85	1	1
45	1383	85	1	1
45	2169	65	1	0
45	605	51	1	0
45	318	78	1	1
45	2340	46	1	0
45	1023	46	1	0
45	2332	98	1	1
45	2115	91	1	1
45	1977	53	1	0
45	2333	92	1	1
45	965	64	1	1
45	708	64	1	1
45	966	64	1	1
45	263	63	1	0
45	2140	63	1	0
45	179	86	1	0
45	1056	86	1	0
45	838	83	1	0
45	1052	71	1	0
45	1053	84	1	0
45	1054	58	1	1
45	1328	72	1	0
45	404	57	1	0
45	1058	76	1	0
45	410	80	1	1
45	1059	77	1	0
45	979	103	1	1
46	2341	66	1	1
46	2342	48	1	1
46	2343	48	1	1
46	572	48	1	1
46	393	73	1	0
46	2307	73	1	0
46	1354	73	1	0
46	298	55	1	1
46	203	61	1	0
46	2344	61	1	0
46	2345	61	1	0
46	2346	74	1	1
46	1291	49	1	1
46	2347	54	1	1
46	2348	50	1	1
46	2349	50	1	1
46	695	51	1	1
46	1770	51	1	1
46	2350	51	1	1
46	2351	94	1	1
46	2352	83	1	1
46	2353	83	1	1
46	838	83	1	1
46	2354	64	1	0
46	2355	64	1	0
46	1330	64	1	0
46	2356	63	1	0
46	162	63	1	0
46	400	63	1	0
46	2357	56	1	0
46	2358	56	1	0
46	2359	56	1	0
46	1102	59	1	0
46	2360	59	1	0
46	2361	90	1	0
46	404	57	1	0
46	974	68	1	1
46	2362	65	1	0
46	681	88	1	1
46	346	69	1	0
46	1447	62	1	0
46	1323	62	1	0
46	84	60	1	0
46	610	60	1	0
46	387	60	1	0
46	2308	101	1	0
46	2309	82	1	0
46	2310	100	1	0
46	407	86	1	0
46	410	80	1	0
46	188	79	1	0
46	608	78	1	0
46	264	71	1	0
46	402	84	1	0
46	848	58	1	0
46	272	91	1	0
46	274	72	1	1
46	286	76	1	0
46	289	77	1	0
47	630	70	1	1
47	2363	56	1	1
47	1323	62	1	0
47	1742	78	1	1
47	1171	78	1	1
47	681	88	1	0
47	119	58	1	1
48	2280	56	1	0
48	1352	56	1	0
48	64	56	1	0
48	2364	51	1	1
48	2365	51	1	1
48	2163	51	1	1
48	2201	51	1	1
48	2362	65	1	0
48	1990	65	1	0
48	2366	59	1	0
48	853	57	1	0
48	1330	64	1	0
48	576	67	1	0
48	858	90	1	0
48	2367	54	1	1
48	2368	50	1	1
48	2369	50	1	1
48	126	50	1	1
48	1098	68	1	1
48	862	88	1	1
48	2370	61	1	0
48	2371	74	1	1
48	260	83	1	1
48	2372	49	1	1
48	802	63	1	0
48	2373	66	1	1
48	959	66	1	1
48	1064	66	1	1
48	2374	55	1	1
48	192	94	1	1
48	2311	73	1	0
48	1354	73	1	0
48	1654	69	1	0
48	311	82	1	0
48	188	79	1	0
49	184	101	1	0
49	984	82	1	0
49	2375	97	1	0
49	2057	97	1	0
49	2058	97	1	0
49	2376	66	1	1
49	2377	74	1	1
49	859	54	1	1
49	1292	55	1	1
49	2378	50	1	1
49	1295	61	1	0
49	1310	51	1	1
49	1296	94	1	1
49	1447	62	1	0
49	797	90	1	0
49	275	57	1	0
49	1970	56	1	0
49	1535	68	1	1
49	1555	65	1	0
49	301	88	1	1
49	767	83	1	1
49	1655	59	1	0
50	2379	66	1	1
50	1064	66	1	1
50	2380	74	1	1
50	2381	54	1	1
50	2382	54	1	1
50	1345	55	1	1
50	2383	55	1	1
50	1865	55	1	1
50	2384	61	1	0
50	695	51	1	1
50	2298	51	1	1
50	192	94	1	1
50	1603	90	1	0
50	689	57	1	0
50	2385	56	1	0
50	2386	56	1	0
50	636	56	1	0
50	197	68	1	1
50	1091	65	1	0
50	593	65	1	0
50	1492	65	1	0
50	1605	88	1	1
50	1606	83	1	1
50	613	59	1	0
50	913	58	1	0
50	1430	63	1	0
50	274	72	1	1
51	1522	86	1	0
51	1021	63	1	0
51	2385	56	1	0
51	1418	56	1	0
51	2387	60	1	0
51	983	69	1	0
51	965	64	1	0
51	966	64	1	0
51	2388	59	1	0
51	936	59	1	0
51	243	59	1	0
51	2096	80	1	0
51	951	62	1	0
51	1594	73	1	0
51	2142	65	1	0
51	404	57	1	0
51	576	67	1	0
51	2346	74	1	1
51	826	61	1	0
51	833	94	1	1
51	797	90	1	0
51	859	54	1	1
51	1535	68	1	1
51	301	88	1	1
51	1100	83	1	1
51	2376	66	1	1
51	1292	55	1	1
51	1865	55	1	1
51	194	55	1	1
51	264	71	1	0
51	402	84	1	0
51	848	58	1	0
51	272	91	1	0
51	274	72	1	1
51	286	76	1	0
51	289	77	1	0
51	318	78	1	0
51	188	79	1	0
53	2389	72	1	0
53	735	72	1	0
53	617	62	1	1
53	1447	62	1	1
53	627	98	1	0
53	272	91	1	0
53	302	60	1	0
53	629	92	1	0
53	630	70	1	0
53	631	85	1	0
53	1654	69	1	0
53	633	64	1	0
54	797	90	1	0
54	275	57	1	0
54	1970	56	1	0
54	1535	68	1	1
54	1555	65	1	0
54	301	88	1	1
54	1295	61	1	0
54	818	74	1	1
54	767	83	1	1
54	1655	59	1	0
54	937	59	1	0
54	936	59	1	0
54	2390	55	1	1
54	2391	55	1	1
54	1292	55	1	1
54	750	55	1	1
54	2376	66	1	1
54	1296	94	1	1
54	177	72	1	1
55	1289	66	1	1
55	2180	66	1	1
55	2373	66	1	1
55	747	74	1	1
55	2392	74	1	1
55	2393	74	1	1
55	703	83	1	1
55	2394	61	1	0
55	192	94	1	1
55	2044	59	1	0
55	2122	56	1	0
55	297	73	1	0
56	2248	95	1	1
56	675	95	1	1
56	1876	96	1	0
56	913	58	1	1
56	1951	69	1	1
56	983	69	1	1
56	2044	59	1	0
56	2366	59	1	0
56	2361	90	1	0
56	404	57	1	0
56	974	68	1	0
56	2395	65	1	0
56	1605	88	1	0
56	201	61	1	0
56	1045	74	1	0
56	2396	83	1	0
56	2260	83	1	0
56	1691	64	1	1
56	707	64	1	1
56	1732	63	1	0
56	1968	63	1	0
56	1897	60	1	1
56	302	60	1	1
56	2397	66	1	0
56	1289	66	1	0
56	959	66	1	0
56	1967	86	1	0
56	287	80	1	1
56	2398	62	1	0
56	2399	70	1	1
56	1036	78	1	1
56	343	104	1	1
56	367	75	1	0
56	576	67	1	0
56	184	101	1	0
56	297	73	1	0
56	311	82	1	0
56	187	93	1	0
56	188	79	1	0
57	2400	90	1	0
57	2401	90	1	0
57	1535	68	1	0
57	2362	65	1	1
57	301	88	1	0
57	1562	61	1	0
57	975	74	1	0
57	1100	83	1	0
57	2366	59	1	1
57	278	64	1	0
57	576	67	1	1
57	2314	63	1	1
57	264	71	1	0
57	846	62	1	1
57	402	84	1	1
57	848	58	1	0
57	272	91	1	0
57	274	72	1	0
57	277	86	1	1
57	286	76	1	1
57	287	80	1	0
57	289	77	1	0
57	1654	69	1	0
57	367	75	1	1
58	356	95	1	1
58	357	95	1	1
58	1732	63	1	0
58	1320	63	1	0
58	1387	62	1	0
58	1323	62	1	0
58	667	62	1	0
58	838	83	1	0
58	1322	59	1	0
58	1052	71	1	0
58	1053	84	1	0
58	1055	91	1	1
58	1326	65	1	0
58	1328	72	1	0
58	1056	86	1	0
58	1330	64	1	1
58	1058	76	1	0
58	410	80	1	1
58	1059	77	1	0
58	1121	69	1	1
58	291	85	1	1
58	1876	96	1	0
59	682	60	1	0
59	2167	60	1	0
59	2402	63	1	1
59	2403	63	1	1
59	2404	63	1	1
59	2405	65	1	1
59	2406	65	1	1
59	1932	65	1	1
59	2407	65	1	1
59	1045	74	1	0
59	2408	74	1	0
59	2409	61	1	0
59	309	94	1	0
59	2410	86	1	1
59	2121	86	1	1
59	2411	86	1	1
59	2412	72	1	0
59	2413	72	1	0
59	734	72	1	0
59	2414	81	1	1
59	2415	69	1	0
59	2296	69	1	0
59	1025	69	1	0
59	101	64	1	0
59	2355	64	1	0
59	2416	64	1	0
59	59	70	1	0
59	58	70	1	0
59	630	70	1	0
59	2417	62	1	1
59	480	62	1	1
59	1517	62	1	1
59	2418	84	1	1
59	2419	84	1	1
59	2093	84	1	1
59	2420	83	1	0
59	2421	83	1	0
59	729	71	1	0
59	733	91	1	0
59	739	76	1	1
59	2302	80	1	0
59	741	77	1	0
59	193	67	1	1
59	357	95	1	0
59	356	95	1	0
59	343	104	1	0
59	367	75	1	1
59	1064	66	1	0
59	188	79	1	0
59	797	90	1	0
59	1535	68	1	0
59	681	88	1	0
59	383	78	1	0
60	407	86	1	0
60	1057	86	1	0
60	1320	63	1	0
60	1430	63	1	0
60	346	69	1	1
60	1025	69	1	1
60	700	69	1	1
60	2117	64	1	1
60	510	64	1	1
60	1436	80	1	1
60	2422	62	1	0
60	592	65	1	0
60	2423	65	1	0
60	2424	98	1	1
60	403	91	1	1
60	2425	92	1	1
60	364	70	1	1
60	2339	85	1	1
60	291	85	1	1
60	675	95	1	1
60	681	88	1	0
60	383	78	1	1
60	1649	103	1	1
60	286	76	1	0
60	520	83	1	0
61	2426	74	1	0
61	2423	65	1	0
61	833	94	1	0
61	2427	66	1	0
61	797	90	1	1
61	1535	68	1	0
61	301	88	1	0
61	767	83	1	0
62	2428	95	1	0
62	357	95	1	0
62	1605	88	1	0
62	2429	98	1	0
62	1713	91	1	0
62	2430	92	1	0
62	2431	70	1	0
62	248	70	1	0
62	2432	85	1	0
62	2296	69	1	0
62	228	69	1	0
62	707	64	1	0
62	966	64	1	0
62	1742	78	1	0
62	482	75	1	1
62	2433	75	1	1
62	717	75	1	1
62	2228	76	1	1
62	2227	76	1	1
62	286	76	1	1
62	2434	65	1	1
62	591	65	1	1
62	2435	65	1	1
62	1835	84	1	1
62	1602	84	1	1
62	732	84	1	1
62	260	83	1	0
62	400	63	1	1
62	2436	63	1	1
62	162	63	1	1
62	264	71	1	0
62	274	72	1	0
62	735	72	1	0
62	407	86	1	1
62	2437	86	1	1
62	410	80	1	0
62	289	77	1	0
62	558	81	1	1
62	2438	81	1	1
62	2439	104	1	0
62	9	104	1	0
63	367	75	1	1
63	2440	83	1	0
63	705	83	1	0
63	703	83	1	0
63	2441	71	1	0
63	730	84	1	1
63	2442	84	1	1
63	732	84	1	1
63	2115	91	1	0
63	2078	65	1	1
63	2435	65	1	1
63	2443	65	1	1
63	970	72	1	0
63	1265	72	1	0
63	971	72	1	0
63	2444	86	1	1
63	2445	86	1	1
63	2446	86	1	1
63	2447	86	1	1
63	2448	64	1	0
63	1938	64	1	0
63	1911	76	1	1
63	1697	80	1	0
63	2449	77	1	0
63	2319	69	1	0
63	2450	69	1	0
63	1025	69	1	0
63	2451	81	1	1
63	2452	70	1	0
63	1649	103	1	0
63	631	85	1	0
63	1044	74	1	0
63	681	88	1	0
64	301	88	1	0
64	228	69	1	1
64	1121	69	1	1
64	2137	69	1	1
64	979	103	1	1
64	978	85	1	1
64	631	85	1	1
64	407	86	1	0
64	1057	86	1	0
64	410	80	1	1
64	2453	83	1	0
64	260	83	1	0
64	705	83	1	0
64	264	71	1	0
64	402	84	1	0
64	175	84	1	0
64	1055	91	1	1
64	2454	65	1	0
64	1990	65	1	0
64	274	72	1	0
64	177	72	1	0
64	286	76	1	0
64	289	77	1	0
64	417	67	1	0
64	2023	70	1	1
64	1740	70	1	1
64	1532	70	1	1
64	58	70	1	1
64	627	98	1	1
64	629	92	1	1
65	2455	67	1	1
65	1045	74	1	0
65	309	94	1	0
65	2445	86	1	1
65	2447	86	1	1
65	2094	86	1	1
65	971	72	1	0
65	2456	72	1	0
65	734	72	1	0
65	2457	81	1	1
65	2438	81	1	1
65	1845	81	1	1
65	700	69	1	0
65	227	69	1	0
65	1532	70	1	0
65	2458	84	1	1
65	2459	84	1	1
65	2093	84	1	1
65	2213	88	1	0
65	797	90	1	0
65	1535	68	1	0
65	2420	83	1	0
65	318	78	1	0
65	2228	76	1	1
65	739	76	1	1
65	482	75	1	1
65	483	75	1	1
65	729	71	1	0
65	733	91	1	0
65	2096	80	1	0
65	741	77	1	0
66	2460	74	1	1
66	1290	74	1	1
66	2461	74	1	1
66	792	94	1	1
66	903	99	1	0
66	367	75	1	0
66	2462	73	1	0
66	274	72	1	1
66	705	83	1	1
66	974	68	1	1
68	797	90	1	0
68	301	88	1	1
68	975	74	1	1
68	767	83	1	1
68	1554	100	1	0
69	343	104	1	1
69	675	95	1	1
69	2334	95	1	1
69	1026	70	1	1
69	2023	70	1	1
69	1532	70	1	1
69	58	70	1	1
69	367	75	1	0
69	2205	85	1	1
69	631	85	1	1
69	407	86	1	0
69	2030	86	1	0
69	410	80	1	1
69	260	83	1	0
69	264	71	1	0
69	402	84	1	0
69	175	84	1	0
69	1055	91	1	1
69	274	72	1	0
69	177	72	1	0
69	286	76	1	0
69	289	77	1	0
69	979	103	1	1
69	627	98	1	1
69	629	92	1	1
69	318	78	1	1
70	1742	78	1	1
70	301	88	1	0
70	224	104	1	1
70	1957	104	1	1
70	356	95	1	1
70	1813	95	1	1
70	1458	95	1	1
70	253	75	1	0
70	978	85	1	1
70	416	85	1	1
70	413	98	1	1
70	1055	91	1	1
70	415	92	1	1
70	1057	86	1	0
70	177	72	1	0
70	175	84	1	0
71	260	83	1	0
71	402	84	1	0
71	272	91	1	0
71	274	72	1	0
71	277	86	1	0
71	286	76	1	0
71	287	80	1	0
71	289	77	1	1
72	260	83	1	1
72	402	84	1	0
72	731	84	1	0
72	272	91	1	0
72	277	86	1	0
72	738	86	1	0
72	2030	86	1	0
72	286	76	1	0
72	287	80	1	0
72	289	77	1	0
72	975	74	1	1
72	1044	74	1	1
73	2463	101	1	1
73	2464	101	1	1
73	2465	101	1	1
73	2466	82	1	1
73	2467	82	1	1
73	311	82	1	1
73	187	93	1	1
73	2099	93	1	1
73	188	79	1	1
73	2101	79	1	1
73	2468	87	1	1
73	2073	100	1	1
74	792	94	1	1
74	2469	89	1	1
74	311	82	1	0
74	2421	83	1	1
74	2470	83	1	1
74	797	90	1	0
74	301	88	1	1
75	903	99	1	0
75	2227	76	1	1
75	343	104	1	0
75	675	95	1	0
76	260	83	1	0
76	402	84	1	1
76	272	91	1	0
76	277	86	1	1
76	287	80	1	0
76	289	77	1	0
76	1649	103	1	0
76	631	85	1	0
77	260	83	1	0
77	402	84	1	0
77	272	91	1	0
77	277	86	1	0
77	287	80	1	0
78	301	88	1	0
79	2099	93	1	1
79	184	101	1	1
79	311	82	1	1
80	407	86	1	0
80	260	83	1	0
80	402	84	1	0
80	272	91	1	1
81	497	86	1	1
81	175	84	1	1
81	732	84	1	1
82	2046	101	1	1
82	310	101	1	1
82	312	97	1	1
82	2310	100	1	1
82	187	93	1	1
83	267	84	1	0
83	403	91	1	0
83	1434	86	1	0
83	797	90	1	0
83	301	88	1	1
84	272	91	1	0
84	277	86	1	1
84	2437	86	1	1
85	547	103	1	1
85	980	103	1	1
85	979	103	1	1
85	2471	95	1	1
85	1813	95	1	1
85	627	98	1	1
85	272	91	1	1
85	629	92	1	1
85	2439	104	1	1
86	1055	91	1	0
88	797	90	1	0
88	675	95	1	0
91	2472	98	1	1
91	629	92	1	1
92	627	98	1	1
93	184	101	1	1
95	1876	96	1	0
95	343	104	1	1
95	2473	104	1	1
95	979	103	1	1
97	310	101	1	1
100	2308	101	1	1
